[gd_scene load_steps=25 format=3 uid="uid://dydrr63f746ur"]

[ext_resource type="Script" path="res://scripts/main.gd" id="1_sebui"]
[ext_resource type="PackedScene" uid="uid://wk8ox7egbudr" path="res://scenes/ship.tscn" id="2_kkbaq"]
[ext_resource type="PackedScene" uid="uid://bag23ibu3ddf1" path="res://scenes/camera_rig.tscn" id="3_e40k6"]
[ext_resource type="PackedScene" uid="uid://bv2g21feowrn3" path="res://scenes/hud.tscn" id="4_a4gyl"]
[ext_resource type="PackedScene" uid="uid://cctm4t5452j1g" path="res://scenes/levels/level_object_scenes/trench_02.tscn" id="5_8cavi"]
[ext_resource type="Environment" uid="uid://dwo5bgnx8gesy" path="res://resources/canyon_run_world_environment.tres" id="5_jcujb"]
[ext_resource type="PackedScene" uid="uid://d23s48brb7axp" path="res://assets/props/elbow_pipe01.glb" id="7_cfo38"]
[ext_resource type="PackedScene" uid="uid://chtu5gyv4ebam" path="res://assets/props/straight_pipe01.glb" id="8_2pgjq"]
[ext_resource type="PackedScene" uid="uid://c3eftue5uxh0f" path="res://assets/props/straight_pipe_long01.glb" id="9_tgab0"]
[ext_resource type="PackedScene" uid="uid://ca6tuggw5nlul" path="res://scenes/blast_wall/blast_door.tscn" id="12_8csq4"]
[ext_resource type="PackedScene" uid="uid://yl20owsmi50l" path="res://scenes/crystal/crystal.tscn" id="12_nbgno"]
[ext_resource type="PackedScene" uid="uid://bjgbj1egj4yyk" path="res://scenes/prox_zone.tscn" id="14_5x7jb"]
[ext_resource type="PackedScene" uid="uid://b84gwpfj7j0eq" path="res://scenes/zone_trigger.tscn" id="15_78gg4"]
[ext_resource type="PackedScene" uid="uid://b3auk0it0a8fw" path="res://scenes/levels/level_object_scenes/omni_light_cave.tscn" id="16_31mbo"]
[ext_resource type="Script" path="res://scripts/y_checker.gd" id="16_mxk7d"]
[ext_resource type="PackedScene" uid="uid://ddphuw4pwv8q8" path="res://scenes/levels/level_object_scenes/cave_01.tscn" id="16_wnt8b"]
[ext_resource type="PackedScene" uid="uid://cdrpc5daiyglh" path="res://scenes/turrets/laser_turret.tscn" id="17_cu70w"]
[ext_resource type="PackedScene" uid="uid://t37eul41x86d" path="res://scenes/turrets/projectile_turret.tscn" id="17_f2ymy"]
[ext_resource type="PackedScene" uid="uid://c6iaef804diea" path="res://scenes/levels/level_object_scenes/omni_light_canyon.tscn" id="19_u6n46"]

[sub_resource type="SphereShape3D" id="SphereShape3D_avpex"]
radius = 800.0

[sub_resource type="BoxShape3D" id="BoxShape3D_owxd3"]
size = Vector3(323.042, 253.684, 238.07)

[sub_resource type="SphereShape3D" id="SphereShape3D_cllpk"]
radius = 152.94

[sub_resource type="CapsuleShape3D" id="CapsuleShape3D_4o5e8"]
radius = 162.691
height = 628.769

[sub_resource type="CapsuleShape3D" id="CapsuleShape3D_0biq1"]
radius = 174.262
height = 500.0

[node name="Leve02" type="Node3D" node_paths=PackedStringArray("spawn_point", "debug_spawn_point")]
script = ExtResource("1_sebui")
spawn_point = NodePath("Spawn")
debug_spawn_point = NodePath("DebugSpawn")
ship_scene = ExtResource("2_kkbaq")
camera_scene = ExtResource("3_e40k6")
hud_scene = ExtResource("4_a4gyl")

[node name="Spawn" type="Marker3D" parent="."]
transform = Transform3D(-4.37114e-08, 0, 1, 0, 1, 0, -1, 0, -4.37114e-08, -3188.69, -252.838, 1790.23)
gizmo_extents = 50.0

[node name="DebugSpawn" type="Marker3D" parent="."]
transform = Transform3D(-1, 0, -8.74228e-08, 0, 1, 0, 8.74228e-08, 0, -1, -17.6779, -19.026, -9.94827)

[node name="YChecker" type="Node3D" parent="."]
unique_name_in_owner = true
transform = Transform3D(1, 0, 0, 0, 1, 0, 0, 0, 1, 0, 40.886, 0)
script = ExtResource("16_mxk7d")

[node name="WorldEnvironment" type="WorldEnvironment" parent="."]
unique_name_in_owner = true
environment = ExtResource("5_jcujb")

[node name="CanyonDirectionalLight" type="DirectionalLight3D" parent="."]
unique_name_in_owner = true
transform = Transform3D(0.523894, 0.822714, 0.220628, -0.801444, 0.388387, 0.4548, 0.288481, -0.415088, 0.862833, 0, 36.2723, 0)
shadow_bias = 10.0
shadow_normal_bias = 10.0
shadow_reverse_cull_face = true

[node name="CaveDirectionalLight" type="DirectionalLight3D" parent="."]
unique_name_in_owner = true
transform = Transform3D(0.523894, 0.822714, 0.220628, -0.801444, 0.388387, 0.4548, 0.288481, -0.415088, 0.862833, 0, 36.2723, 0)
visible = false
shadow_enabled = true
sky_mode = 2

[node name="trench02" parent="." instance=ExtResource("5_8cavi")]

[node name="StaticPropsCave" type="Node3D" parent="."]
transform = Transform3D(1, 0, 0, 0, 1, 0, 0, 0, 1, -4139.64, -510.453, 2636.33)

[node name="straight_pipe_long04" parent="StaticPropsCave" instance=ExtResource("9_tgab0")]
transform = Transform3D(2.98023e-08, 1, 0, -1, 2.98023e-08, 0, 0, 0, 1, 2497.18, 215.481, -771.84)

[node name="straight_pipe_long05" parent="StaticPropsCave" instance=ExtResource("9_tgab0")]
transform = Transform3D(2.98023e-08, 1, 0, -1, 2.98023e-08, 0, 0, 0, 1, 2497.18, 59.7549, -771.84)

[node name="straight_pipe_long06" parent="StaticPropsCave" instance=ExtResource("9_tgab0")]
transform = Transform3D(2.98023e-08, 1, 0, -1, 2.98023e-08, 0, 0, 0, 1, 2481.46, 225.407, -739.317)

[node name="straight_pipe_long07" parent="StaticPropsCave" instance=ExtResource("9_tgab0")]
transform = Transform3D(2.98023e-08, 1, 0, -1, 2.98023e-08, 0, 0, 0, 1, 2481.46, 69.6798, -739.317)

[node name="straight_pipe_long08" parent="StaticPropsCave" instance=ExtResource("9_tgab0")]
transform = Transform3D(2.98023e-08, 1, 0, -1, 2.98023e-08, 0, 0, 0, 1, 2459.27, 210.378, -708.503)

[node name="straight_pipe_long09" parent="StaticPropsCave" instance=ExtResource("9_tgab0")]
transform = Transform3D(2.98023e-08, 1, 0, -1, 2.98023e-08, 0, 0, 0, 1, 2459.27, 54.6509, -708.503)

[node name="straight_pipe_long10" parent="StaticPropsCave" instance=ExtResource("9_tgab0")]
transform = Transform3D(2.98023e-08, 1, 0, -1, 2.98023e-08, 0, 0, 0, 1, 2436.62, 192.287, -678.617)

[node name="straight_pipe_long11" parent="StaticPropsCave" instance=ExtResource("9_tgab0")]
transform = Transform3D(2.98023e-08, 1, 0, -1, 2.98023e-08, 0, 0, 0, 1, 2436.62, 36.5609, -678.617)

[node name="straight_pipe_long12" parent="StaticPropsCave" instance=ExtResource("9_tgab0")]
transform = Transform3D(2.98023e-08, 1, 0, -1, 2.98023e-08, 0, 0, 0, 1, 2408.08, 237.137, -649.471)

[node name="straight_pipe_long13" parent="StaticPropsCave" instance=ExtResource("9_tgab0")]
transform = Transform3D(2.98023e-08, 1, 0, -1, 2.98023e-08, 0, 0, 0, 1, 2408.08, 81.4108, -649.471)

[node name="elbow_pipe02" parent="StaticPropsCave" instance=ExtResource("7_cfo38")]
transform = Transform3D(0.943263, 0, -0.332046, 0, 1, 0, 0.332046, 0, 0.943263, 3429.36, 188.043, -1856.73)

[node name="straight_pipe03" parent="StaticPropsCave" instance=ExtResource("8_2pgjq")]
transform = Transform3D(0.943263, 0, -0.332046, 0, 1, 0, 0.332046, 0, 0.943263, 3381.04, 188.699, -1873.61)

[node name="straight_pipe04" parent="StaticPropsCave" instance=ExtResource("8_2pgjq")]
transform = Transform3D(-4.12313e-08, -0.943263, -0.332046, 1, -4.37114e-08, 0, -1.45142e-08, -0.332046, 0.943263, 3434.63, 131.832, -1854.75)

[node name="elbow_pipe07" parent="StaticPropsCave" instance=ExtResource("7_cfo38")]
transform = Transform3D(-0.358417, 0, 0.933562, 0, 1, 0, -0.933562, 0, -0.358417, 3151.5, 184.159, -564.562)

[node name="straight_pipe13" parent="StaticPropsCave" instance=ExtResource("8_2pgjq")]
transform = Transform3D(-0.358417, 0, 0.933562, 0, 1, 0, -0.933562, 0, -0.358417, 3169.95, 184.815, -516.824)

[node name="straight_pipe14" parent="StaticPropsCave" instance=ExtResource("8_2pgjq")]
transform = Transform3D(1.56669e-08, 0.358417, 0.933562, 1, -4.37114e-08, 8.37786e-16, 4.08073e-08, 0.933562, -0.358417, 3149.59, 127.948, -569.86)

[node name="elbow_pipe08" parent="StaticPropsCave" instance=ExtResource("7_cfo38")]
transform = Transform3D(-0.754217, 0, -0.656625, 0, 1, 0, 0.656625, 0, -0.754217, 2758.07, 173.723, -595.19)

[node name="straight_pipe15" parent="StaticPropsCave" instance=ExtResource("8_2pgjq")]
transform = Transform3D(-0.754217, 0, -0.656625, 0, 1, 0, 0.656625, 0, -0.754217, 2796.59, 174.379, -628.886)

[node name="straight_pipe16" parent="StaticPropsCave" instance=ExtResource("8_2pgjq")]
transform = Transform3D(3.29679e-08, 0.754217, -0.656625, 1, -4.37114e-08, 4.60726e-15, -2.8702e-08, -0.656625, -0.754217, 2753.74, 117.512, -591.584)

[node name="elbow_pipe03" parent="StaticPropsCave" instance=ExtResource("7_cfo38")]
transform = Transform3D(0.999982, 0, -0.00598648, 0, 1, 0, 0.00598648, 0, 0.999982, 4024.09, 492.797, -2023.18)

[node name="straight_pipe05" parent="StaticPropsCave" instance=ExtResource("8_2pgjq")]
transform = Transform3D(0.999982, 0, -0.00598648, 0, 1, 0, 0.00598648, 0, 0.999982, 3972.84, 493.956, -2023.37)

[node name="straight_pipe06" parent="StaticPropsCave" instance=ExtResource("8_2pgjq")]
transform = Transform3D(-4.37106e-08, -0.999982, -0.00598648, 1, -4.37114e-08, 0, -2.61677e-10, -0.00598648, 0.999982, 4029.65, 437.089, -2023.03)

[node name="elbow_pipe04" parent="StaticPropsCave" instance=ExtResource("7_cfo38")]
transform = Transform3D(-0.999982, -8.74228e-08, 0.00598648, -8.79445e-08, 1, -8.68978e-08, -0.00598648, -8.74228e-08, -0.999982, 4159.08, 445.58, -1910.41)

[node name="straight_pipe07" parent="StaticPropsCave" instance=ExtResource("8_2pgjq")]
transform = Transform3D(-0.999982, -8.74228e-08, 0.00598648, -8.79445e-08, 1, -8.68978e-08, -0.00598648, -8.74228e-08, -0.999982, 4210.26, 446.236, -1910.22)

[node name="straight_pipe08" parent="StaticPropsCave" instance=ExtResource("8_2pgjq")]
transform = Transform3D(-4.37122e-08, 0.999982, 0.00598648, 1, 4.42331e-08, -8.68978e-08, -8.71611e-08, 0.00598648, -0.999982, 4153.45, 389.369, -1910.56)

[node name="straight_pipe_long02" parent="StaticPropsCave" instance=ExtResource("9_tgab0")]
transform = Transform3D(1, 0, 0, 0, 1, 0, 0, 0, 1, 3259.13, 265.163, -1152.56)

[node name="straight_pipe_long03" parent="StaticPropsCave" instance=ExtResource("9_tgab0")]
transform = Transform3D(1, 0, 0, 0, 1, 0, 0, 0, 1, 3416.04, 265.163, -1152.56)

[node name="straight_pipe_long14" parent="StaticPropsCave" instance=ExtResource("9_tgab0")]
transform = Transform3D(1, 0, 0, 0, 1, 0, 0, 0, 1, 3199.48, 170.25, -1152.56)

[node name="straight_pipe_long15" parent="StaticPropsCave" instance=ExtResource("9_tgab0")]
transform = Transform3D(1, 0, 0, 0, 1, 0, 0, 0, 1, 3356.39, 170.25, -1152.56)

[node name="straight_pipe_long16" parent="StaticPropsCave" instance=ExtResource("9_tgab0")]
transform = Transform3D(0.538569, -0.538569, 0.647987, 0.707107, 0.707107, 0, -0.458196, 0.458196, 0.761651, 3412.73, 224.265, -2276.72)

[node name="straight_pipe_long17" parent="StaticPropsCave" instance=ExtResource("9_tgab0")]
transform = Transform3D(0.538569, -0.538569, 0.647987, 0.707107, 0.707107, 0, -0.458196, 0.458196, 0.761651, 3497.23, 335.217, -2348.61)

[node name="straight_pipe_long18" parent="StaticPropsCave" instance=ExtResource("9_tgab0")]
transform = Transform3D(0.538569, -0.538569, 0.647987, 0.707107, 0.707107, 0, -0.458196, 0.458196, 0.761651, 3458.84, 215.952, -2315.95)

[node name="straight_pipe_long19" parent="StaticPropsCave" instance=ExtResource("9_tgab0")]
transform = Transform3D(0.538569, -0.538569, 0.647987, 0.707107, 0.707107, 0, -0.458196, 0.458196, 0.761651, 3543.36, 326.904, -2387.86)

[node name="straight_pipe_long30" parent="StaticPropsCave" instance=ExtResource("9_tgab0")]
transform = Transform3D(-4.37114e-08, 0, -1, 0, 1, 0, 1, 0, -4.37114e-08, 3704.07, 248.635, -2658.82)

[node name="straight_pipe_long31" parent="StaticPropsCave" instance=ExtResource("9_tgab0")]
transform = Transform3D(-4.37114e-08, 0, -1, 0, 1, 0, 1, 0, -4.37114e-08, 3704.07, 248.635, -2501.91)

[node name="straight_pipe_long32" parent="StaticPropsCave" instance=ExtResource("9_tgab0")]
transform = Transform3D(-4.37114e-08, 0, -1, 0, 1, 0, 1, 0, -4.37114e-08, 3583.01, 198.202, -2609.45)

[node name="straight_pipe_long33" parent="StaticPropsCave" instance=ExtResource("9_tgab0")]
transform = Transform3D(-4.37114e-08, 0, -1, 0, 1, 0, 1, 0, -4.37114e-08, 3583.01, 198.202, -2452.54)

[node name="straight_pipe_long20" parent="StaticPropsCave" instance=ExtResource("9_tgab0")]
transform = Transform3D(0.538569, -0.538569, 0.647987, 0.707107, 0.707107, 0, -0.458196, 0.458196, 0.761651, 3472.13, 155.486, -2327.26)

[node name="straight_pipe_long21" parent="StaticPropsCave" instance=ExtResource("9_tgab0")]
transform = Transform3D(0.538569, -0.538569, 0.647987, 0.707107, 0.707107, 0, -0.458196, 0.458196, 0.761651, 3556.64, 266.438, -2399.16)

[node name="straight_pipe_long23" parent="StaticPropsCave" instance=ExtResource("9_tgab0")]
transform = Transform3D(0.707107, -0.707107, 0, 0.69964, 0.69964, -0.144943, 0.10249, 0.10249, 0.98944, 3989.49, -78.4268, -1541.86)

[node name="straight_pipe_long28" parent="StaticPropsCave" instance=ExtResource("9_tgab0")]
transform = Transform3D(0.707107, -0.707107, 0, 0.69964, 0.69964, -0.144943, 0.10249, 0.10249, 0.98944, 3873.63, -133.915, -1571.58)

[node name="straight_pipe_long29" parent="StaticPropsCave" instance=ExtResource("9_tgab0")]
transform = Transform3D(0.707107, -0.707107, 0, 0.69964, 0.69964, -0.144943, 0.10249, 0.10249, 0.98944, 3984.58, -24.1342, -1555.5)

[node name="straight_pipe_long25" parent="StaticPropsCave" instance=ExtResource("9_tgab0")]
transform = Transform3D(0.707107, -0.707107, 0, 0.69964, 0.69964, -0.144943, 0.10249, 0.10249, 0.98944, 4050.04, -86.6495, -1543.06)

[node name="StaticPropsCanyon" type="Node3D" parent="."]

[node name="straight_pipe_long08" parent="StaticPropsCanyon" instance=ExtResource("9_tgab0")]
transform = Transform3D(0.57619, 0, -0.817316, 0, 1, 0, 0.817316, 0, 0.57619, 176.854, -40.4097, -1716.41)

[node name="elbow_pipe01" parent="StaticPropsCanyon" instance=ExtResource("7_cfo38")]
transform = Transform3D(1, 0, 0, 0, 1, 0, 0, 0, 1, -153.974, -58.3016, -4416.64)

[node name="straight_pipe01" parent="StaticPropsCanyon" instance=ExtResource("8_2pgjq")]
transform = Transform3D(1, 0, 0, 0, 1, 0, 0, 0, 1, -202.418, -57.0443, -4416.66)

[node name="elbow_pipe02" parent="StaticPropsCanyon" instance=ExtResource("7_cfo38")]
transform = Transform3D(0.990759, 0, -0.135629, 0, 1, 0, 0.135629, 0, 0.990759, -173.168, -39.5807, -1434.29)

[node name="straight_pipe02" parent="StaticPropsCanyon" instance=ExtResource("8_2pgjq")]
transform = Transform3D(0.990759, 0, -0.135629, 0, 1, 0, 0.135629, 0, 0.990759, -222.247, -39.371, -1440.98)

[node name="straight_pipe03" parent="StaticPropsCanyon" instance=ExtResource("8_2pgjq")]
transform = Transform3D(-3.45411e-08, -0.790209, -0.612838, 1, -4.37114e-08, 0, -2.6788e-08, -0.612838, 0.790209, -166.774, -94.8499, -1433.78)

[node name="straight_pipe_long02" parent="StaticPropsCanyon" instance=ExtResource("9_tgab0")]
transform = Transform3D(-4.37114e-08, 0, -1, 0, 1, 0, 1, 0, -4.37114e-08, 708.838, 33.8695, -1904.32)

[node name="straight_pipe_long03" parent="StaticPropsCanyon" instance=ExtResource("9_tgab0")]
transform = Transform3D(-4.37114e-08, 0, -1, 0, 1, 0, 1, 0, -4.37114e-08, 708.838, 33.8695, -1747.45)

[node name="straight_pipe_long06" parent="StaticPropsCanyon" instance=ExtResource("9_tgab0")]
transform = Transform3D(1.31134e-07, 0, 1, 0, 1, 0, -1, 0, 1.31134e-07, 721.371, -6.93709, -1784.05)

[node name="straight_pipe_long07" parent="StaticPropsCanyon" instance=ExtResource("9_tgab0")]
transform = Transform3D(1.31134e-07, 0, 1, 0, 1, 0, -1, 0, 1.31134e-07, 721.371, -6.93709, -1940.92)

[node name="straight_pipe_long04" parent="StaticPropsCanyon" instance=ExtResource("9_tgab0")]
transform = Transform3D(-4.37114e-08, 0, -1, 0, 1, 0, 1, 0, -4.37114e-08, 717.448, -45.7576, -1917.67)

[node name="straight_pipe_long05" parent="StaticPropsCanyon" instance=ExtResource("9_tgab0")]
transform = Transform3D(-4.37114e-08, 0, -1, 0, 1, 0, 1, 0, -4.37114e-08, 717.448, -45.7576, -1760.8)

[node name="straight_pipe_long09" parent="StaticPropsCanyon" instance=ExtResource("9_tgab0")]
transform = Transform3D(0.885345, 0, 0.464935, 0, 1, 0, -0.464935, 0, 0.885345, 1323.7, 3.65113, -1179.29)

[node name="straight_pipe_long15" parent="StaticPropsCanyon" instance=ExtResource("9_tgab0")]
transform = Transform3D(1, 0, 0, 0, 1, 0, 0, 0, 1, 2096.77, 123.187, -1031.99)

[node name="straight_pipe_long16" parent="StaticPropsCanyon" instance=ExtResource("9_tgab0")]
transform = Transform3D(1, 0, 0, 0, 1, 0, 0, 0, 1, 2254.23, 123.187, -1031.99)

[node name="straight_pipe_long17" parent="StaticPropsCanyon" instance=ExtResource("9_tgab0")]
transform = Transform3D(0.840425, 0, -0.541928, 0, 1, 0, 0.541928, 0, 0.840425, 2071.23, 30.2502, -1215)

[node name="straight_pipe_long18" parent="StaticPropsCanyon" instance=ExtResource("9_tgab0")]
transform = Transform3D(0.840425, 0, -0.541928, 0, 1, 0, 0.541928, 0, 0.840425, 2203.55, 30.2502, -1129.67)

[node name="straight_pipe_long19" parent="StaticPropsCanyon" instance=ExtResource("9_tgab0")]
transform = Transform3D(0.91252, 0, -0.409031, 0, 1, 0, 0.409031, 0, 0.91252, 2206.91, 43.9445, -1348.97)

[node name="straight_pipe_long20" parent="StaticPropsCanyon" instance=ExtResource("9_tgab0")]
transform = Transform3D(0.91252, 0, -0.409031, 0, 1, 0, 0.409031, 0, 0.91252, 2350.59, 43.9445, -1284.57)

[node name="straight_pipe_long25" parent="StaticPropsCanyon" instance=ExtResource("9_tgab0")]
transform = Transform3D(0.91252, 0, -0.409031, 0, 1, 0, 0.409031, 0, 0.91252, 2180.74, -3.46419, -1361.85)

[node name="straight_pipe_long26" parent="StaticPropsCanyon" instance=ExtResource("9_tgab0")]
transform = Transform3D(0.91252, 0, -0.409031, 0, 1, 0, 0.409031, 0, 0.91252, 2324.42, -3.46419, -1297.44)

[node name="straight_pipe_long40" parent="StaticPropsCanyon" instance=ExtResource("9_tgab0")]
transform = Transform3D(0.91252, 0, -0.409031, 0, 1, 0, 0.409031, 0, 0.91252, 2180.74, -58.0067, -1361.85)

[node name="straight_pipe_long41" parent="StaticPropsCanyon" instance=ExtResource("9_tgab0")]
transform = Transform3D(0.91252, 0, -0.409031, 0, 1, 0, 0.409031, 0, 0.91252, 2324.42, -58.0067, -1297.44)

[node name="straight_pipe_long27" parent="StaticPropsCanyon" instance=ExtResource("9_tgab0")]
transform = Transform3D(0.91252, 0, -0.409031, 0, 1, 0, 0.409031, 0, 0.91252, 2206.91, -29.6887, -1348.97)

[node name="straight_pipe_long28" parent="StaticPropsCanyon" instance=ExtResource("9_tgab0")]
transform = Transform3D(0.91252, 0, -0.409031, 0, 1, 0, 0.409031, 0, 0.91252, 2350.59, -29.6887, -1284.57)

[node name="straight_pipe_long42" parent="StaticPropsCanyon" instance=ExtResource("9_tgab0")]
transform = Transform3D(0.91252, 0, -0.409031, 0, 1, 0, 0.409031, 0, 0.91252, 2195.66, -84.1715, -1354.44)

[node name="straight_pipe_long43" parent="StaticPropsCanyon" instance=ExtResource("9_tgab0")]
transform = Transform3D(0.91252, 0, -0.409031, 0, 1, 0, 0.409031, 0, 0.91252, 2339.34, -84.1715, -1290.04)

[node name="straight_pipe_long21" parent="StaticPropsCanyon" instance=ExtResource("9_tgab0")]
transform = Transform3D(0.993367, 0, -0.114989, 0, 1, 0, 0.114989, 0, 0.993367, 2198.71, 0.198318, -1528.63)

[node name="straight_pipe_long22" parent="StaticPropsCanyon" instance=ExtResource("9_tgab0")]
transform = Transform3D(0.993367, 0, -0.114989, 0, 1, 0, 0.114989, 0, 0.993367, 2355.12, 0.198318, -1510.52)

[node name="straight_pipe_long44" parent="StaticPropsCanyon" instance=ExtResource("9_tgab0")]
transform = Transform3D(0.993367, 0, -0.114989, 0, 1, 0, 0.114989, 0, 0.993367, 2221.15, -23.692, -1526.11)

[node name="straight_pipe_long45" parent="StaticPropsCanyon" instance=ExtResource("9_tgab0")]
transform = Transform3D(0.993367, 0, -0.114989, 0, 1, 0, 0.114989, 0, 0.993367, 2377.56, -23.692, -1508)

[node name="straight_pipe_long31" parent="StaticPropsCanyon" instance=ExtResource("9_tgab0")]
transform = Transform3D(0.993367, 0, -0.114989, 0, 1, 0, 0.114989, 0, 0.993367, 2210.64, 48.1284, -1535.16)

[node name="straight_pipe_long32" parent="StaticPropsCanyon" instance=ExtResource("9_tgab0")]
transform = Transform3D(0.993367, 0, -0.114989, 0, 1, 0, 0.114989, 0, 0.993367, 2367.05, 48.1284, -1517.06)

[node name="straight_pipe_long29" parent="StaticPropsCanyon" instance=ExtResource("9_tgab0")]
transform = Transform3D(0.993367, 0, -0.114989, 0, 1, 0, 0.114989, 0, 0.993367, 2241.88, 24.7834, -1526.7)

[node name="straight_pipe_long30" parent="StaticPropsCanyon" instance=ExtResource("9_tgab0")]
transform = Transform3D(0.993367, 0, -0.114989, 0, 1, 0, 0.114989, 0, 0.993367, 2398.29, 24.7834, -1508.6)

[node name="straight_pipe_long23" parent="StaticPropsCanyon" instance=ExtResource("9_tgab0")]
transform = Transform3D(0.856519, 0, 0.516115, 0, 1, 0, -0.516115, 0, 0.856519, 2140.79, 8.64435, -1740.19)

[node name="straight_pipe_long24" parent="StaticPropsCanyon" instance=ExtResource("9_tgab0")]
transform = Transform3D(0.856519, 0, 0.516115, 0, 1, 0, -0.516115, 0, 0.856519, 2275.65, 8.64435, -1821.45)

[node name="straight_pipe_long34" parent="StaticPropsCanyon" instance=ExtResource("9_tgab0")]
transform = Transform3D(0.856519, 0, 0.516115, 0, 1, 0, -0.516115, 0, 0.856519, 2154.75, 33.6662, -1748.24)

[node name="straight_pipe_long35" parent="StaticPropsCanyon" instance=ExtResource("9_tgab0")]
transform = Transform3D(0.856519, 0, 0.516115, 0, 1, 0, -0.516115, 0, 0.856519, 2289.62, 33.6662, -1829.51)

[node name="straight_pipe_long36" parent="StaticPropsCanyon" instance=ExtResource("9_tgab0")]
transform = Transform3D(0.856519, 0, 0.516115, 0, 1, 0, -0.516115, 0, 0.856519, 2151.81, 51.9042, -1732.8)

[node name="straight_pipe_long37" parent="StaticPropsCanyon" instance=ExtResource("9_tgab0")]
transform = Transform3D(0.856519, 0, 0.516115, 0, 1, 0, -0.516115, 0, 0.856519, 2286.67, 51.9042, -1814.06)

[node name="straight_pipe_long13" parent="StaticPropsCanyon" instance=ExtResource("9_tgab0")]
transform = Transform3D(0.494761, 0, -0.869029, 0, 1, 0, 0.869029, 0, 0.494761, 2001.78, 32.9164, -1107.11)

[node name="straight_pipe_long14" parent="StaticPropsCanyon" instance=ExtResource("9_tgab0")]
transform = Transform3D(0.494761, 0, -0.869029, 0, 1, 0, 0.869029, 0, 0.494761, 2079.11, 33.4762, -970.276)

[node name="straight_pipe_long12" parent="StaticPropsCanyon" instance=ExtResource("9_tgab0")]
transform = Transform3D(0.810113, 0, 0.586274, 0, 1, 0, -0.586274, 0, 0.810113, -349.269, -59.7048, -3564.11)

[node name="straight_pipe_long10" parent="StaticPropsCanyon" instance=ExtResource("9_tgab0")]
transform = Transform3D(0.885345, 0, 0.464935, 0, 1, 0, -0.464935, 0, 0.885345, 1207.91, 3.65113, -1118.48)

[node name="straight_pipe_long11" parent="StaticPropsCanyon" instance=ExtResource("9_tgab0")]
transform = Transform3D(0.885345, 0, 0.464935, 0, 1, 0, -0.464935, 0, 0.885345, 1335.54, 27.2694, -1186.89)

[node name="straight_pipe_long33" parent="StaticPropsCanyon" instance=ExtResource("9_tgab0")]
transform = Transform3D(0.885345, 0, 0.464935, 0, 1, 0, -0.464935, 0, 0.885345, 1219.74, 27.2694, -1126.08)

[node name="straight_pipe_long38" parent="StaticPropsCanyon" instance=ExtResource("9_tgab0")]
transform = Transform3D(0.885345, 0, 0.464935, 0, 1, 0, -0.464935, 0, 0.885345, 1359.07, 49.4814, -1196.4)

[node name="straight_pipe_long39" parent="StaticPropsCanyon" instance=ExtResource("9_tgab0")]
transform = Transform3D(0.885345, 0, 0.464935, 0, 1, 0, -0.464935, 0, 0.885345, 1243.28, 49.4814, -1135.59)

[node name="straight_pipe04" parent="StaticPropsCanyon" instance=ExtResource("8_2pgjq")]
transform = Transform3D(-1, 0, 8.74228e-08, 0, 1, 0, -8.74228e-08, 0, -1, 1240.22, -2.20417, -1462.22)

[node name="straight_pipe06" parent="StaticPropsCanyon" instance=ExtResource("8_2pgjq")]
transform = Transform3D(4.37114e-08, 1, 8.74228e-08, 1, -4.37114e-08, 0, 3.82137e-15, 8.74228e-08, -1, 1183.39, -57.9604, -1462.22)

[node name="straight_pipe05" parent="StaticPropsCanyon" instance=ExtResource("8_2pgjq")]
transform = Transform3D(1, 0, 0, 0, 1, 0, 0, 0, 1, 1970.6, 138.715, -1257.71)

[node name="straight_pipe14" parent="StaticPropsCanyon" instance=ExtResource("8_2pgjq")]
transform = Transform3D(-4.37114e-08, -1, 0, 1, -4.37114e-08, 0, 0, 0, 1, 2027.54, 81.6683, -1257.71)

[node name="straight_pipe13" parent="StaticPropsCanyon" instance=ExtResource("8_2pgjq")]
transform = Transform3D(1, 0, 0, 0, 1, 0, 0, 0, 1, 2421.07, 48.2221, -1513.73)

[node name="straight_pipe12" parent="StaticPropsCanyon" instance=ExtResource("8_2pgjq")]
transform = Transform3D(2.10126e-08, 0.480713, 0.876878, 1, -4.37114e-08, 0, 3.83295e-08, 0.876878, -0.480713, -303.203, 49.2629, -3601.31)

[node name="straight_pipe11" parent="StaticPropsCanyon" instance=ExtResource("8_2pgjq")]
transform = Transform3D(2.10126e-08, 0.480713, 0.876878, 1, -4.37114e-08, 0, 3.83295e-08, 0.876878, -0.480713, -489.315, 45.9177, -3466.12)

[node name="elbow_pipe03" parent="StaticPropsCanyon" instance=ExtResource("7_cfo38")]
transform = Transform3D(1, 0, 0, 0, 1, 0, 0, 0, 1, 2021.76, 137.984, -1257.9)

[node name="straight_pipe15" parent="StaticPropsCanyon" instance=ExtResource("8_2pgjq")]
transform = Transform3D(0.858208, 0, 0.513302, 0, 1, 0, -0.513302, 0, 0.858208, 2101.54, -4.95826, -1749.39)

[node name="straight_pipe16" parent="StaticPropsCanyon" instance=ExtResource("8_2pgjq")]
transform = Transform3D(-3.75135e-08, -0.858208, 0.513302, 1, -4.37114e-08, 0, 2.24371e-08, 0.513302, 0.858208, 2150.4, -62.0046, -1778.62)

[node name="elbow_pipe07" parent="StaticPropsCanyon" instance=ExtResource("7_cfo38")]
transform = Transform3D(0.858208, 0, 0.513302, 0, 1, 0, -0.513302, 0, 0.858208, 2145.34, -5.68877, -1775.82)

[node name="straight_pipe19" parent="StaticPropsCanyon" instance=ExtResource("8_2pgjq")]
transform = Transform3D(0.858208, 0, 0.513302, 0, 1, 0, -0.513302, 0, 0.858208, 2075.19, -25.7548, -1734.2)

[node name="straight_pipe20" parent="StaticPropsCanyon" instance=ExtResource("8_2pgjq")]
transform = Transform3D(-3.75135e-08, -0.858208, 0.513302, 1, -4.37114e-08, 0, 2.24371e-08, 0.513302, 0.858208, 2124.06, -82.8011, -1763.43)

[node name="elbow_pipe09" parent="StaticPropsCanyon" instance=ExtResource("7_cfo38")]
transform = Transform3D(0.858208, 0, 0.513302, 0, 1, 0, -0.513302, 0, 0.858208, 2119, -26.4853, -1760.62)

[node name="straight_pipe17" parent="StaticPropsCanyon" instance=ExtResource("8_2pgjq")]
transform = Transform3D(-0.958909, 0, -0.283714, 0, 1, 0, 0.283714, 0, -0.958909, 2245.65, -4.95825, -1817.61)

[node name="straight_pipe18" parent="StaticPropsCanyon" instance=ExtResource("8_2pgjq")]
transform = Transform3D(4.19152e-08, 0.958909, -0.283714, 1, -4.37114e-08, 1.82361e-15, -1.24015e-08, -0.283714, -0.958909, 2191.06, -62.0046, -1801.46)

[node name="elbow_pipe08" parent="StaticPropsCanyon" instance=ExtResource("7_cfo38")]
transform = Transform3D(-0.958909, 0, -0.283714, 0, 1, 0, 0.283714, 0, -0.958909, 2196.65, -5.68877, -1802.92)

[node name="elbow_pipe04" parent="StaticPropsCanyon" instance=ExtResource("7_cfo38")]
transform = Transform3D(-1, 0, 8.74228e-08, 0, 1, 0, -8.74228e-08, 0, -1, 1189.09, -2.61634, -1462.42)

[node name="straight_pipe07" parent="StaticPropsCanyon" instance=ExtResource("8_2pgjq")]
transform = Transform3D(0.875591, 0, 0.483053, 0, 1, 0, -0.483053, 0, 0.875591, 1164.48, -17.5564, -1099.96)

[node name="straight_pipe08" parent="StaticPropsCanyon" instance=ExtResource("8_2pgjq")]
transform = Transform3D(-3.82733e-08, -0.875591, 0.483053, 1, -4.37114e-08, 1.1382e-16, 2.11149e-08, 0.483053, 0.875591, 1214.24, -73.3127, -1127.41)

[node name="elbow_pipe05" parent="StaticPropsCanyon" instance=ExtResource("7_cfo38")]
transform = Transform3D(0.875591, 0, 0.483053, 0, 1, 0, -0.483053, 0, 0.875591, 1209.34, -17.9686, -1124.49)

[node name="straight_pipe09" parent="StaticPropsCanyon" instance=ExtResource("8_2pgjq")]
transform = Transform3D(-0.875591, 0, -0.483053, 0, 1, 0, 0.483053, 0, -0.875591, 1306.69, -17.5564, -1178.27)

[node name="straight_pipe10" parent="StaticPropsCanyon" instance=ExtResource("8_2pgjq")]
transform = Transform3D(3.82733e-08, 0.875591, -0.483053, 1, -4.37114e-08, 0, -2.11149e-08, -0.483053, -0.875591, 1256.94, -73.3127, -1150.82)

[node name="elbow_pipe06" parent="StaticPropsCanyon" instance=ExtResource("7_cfo38")]
transform = Transform3D(-0.875591, 0, -0.483053, 0, 1, 0, 0.483053, 0, -0.875591, 1261.83, -17.9686, -1153.74)

[node name="BlastDoor" parent="." instance=ExtResource("12_8csq4")]
transform = Transform3D(-0.914098, 0, 0.405492, 0, 1, 0, -0.405492, 0, -0.914098, -141.275, -14.78, -1490.92)

[node name="Crystal" parent="BlastDoor" instance=ExtResource("12_nbgno")]
transform = Transform3D(-0.914099, 0.405493, 1.77246e-08, 0, -4.37114e-08, 1, 0.405493, 0.914099, 3.99566e-08, 60.3384, 50.78, -17.6127)

[node name="BlastDoor2" parent="." instance=ExtResource("12_8csq4")]
transform = Transform3D(-0.782336, 0, -0.622856, 0, 1, 0, 0.622856, 0, -0.782336, -396.856, 16.6726, -3539.09)

[node name="cave01" parent="." instance=ExtResource("16_wnt8b")]
transform = Transform3D(-4.37114e-08, 0, -1, 0, 1, 0, 1, 0, -4.37114e-08, -4139.64, -510.453, 2636.33)

[node name="ProxZone01" parent="." instance=ExtResource("14_5x7jb")]
transform = Transform3D(1, 0, 0, 0, 1, 0, 0, 0, 1, -3975.75, -288.521, 2637.5)
start_with_children_enabled = true

[node name="ZoneTrigger" parent="ProxZone01" instance=ExtResource("15_78gg4")]
transform = Transform3D(1, 0, 0, 0, 1, 0, 0, 0, 1, -0.224121, -1.47867, -1075.09)
zone_name = 1

[node name="CollisionShape3D" type="CollisionShape3D" parent="ProxZone01/ZoneTrigger"]
transform = Transform3D(1, 0, 0, 0, 1, 0, 0, 0, 1, 1041.38, -92.4669, 153.091)
shape = SubResource("SphereShape3D_avpex")

[node name="OmniLightCave" parent="ProxZone01" instance=ExtResource("16_31mbo")]
transform = Transform3D(1, 0, 0, 0, 1, 0, 0, 0, 1, 1124.97, 219.567, -782.426)

[node name="OmniLightCave2" parent="ProxZone01" instance=ExtResource("16_31mbo")]
transform = Transform3D(1, 0, 0, 0, 1, 0, 0, 0, 1, 1755.44, 237.107, -871.272)

[node name="OmniLightCave3" parent="ProxZone01" instance=ExtResource("16_31mbo")]
transform = Transform3D(1, 0, 0, 0, 1, 0, 0, 0, 1, 2351.51, 55.8905, -633.367)

[node name="OmniLightCave5" parent="ProxZone01" instance=ExtResource("16_31mbo")]
transform = Transform3D(1, 0, 0, 0, 1, 0, 0, 0, 1, 3010.72, 39.9597, -656.168)

[node name="ProxZone02EnteringCave" parent="." instance=ExtResource("14_5x7jb")]
transform = Transform3D(-0.983556, 0, 0.180605, 0, 1, 0, -0.180605, 0, -0.983556, -1141.89, -565.192, 2006.06)

[node name="ZoneTrigger" parent="ProxZone02EnteringCave" instance=ExtResource("15_78gg4")]
transform = Transform3D(1, 0, 0, 0, 1, 0, 0, 0, 1, -122.075, 269.651, 913.106)
zone_name = 2

[node name="CollisionShape3D" type="CollisionShape3D" parent="ProxZone02EnteringCave/ZoneTrigger"]
transform = Transform3D(1, 0, 0, 0, 1, 0, 0, 0, 1, -48.1785, 2.43295, 290.001)
shape = SubResource("BoxShape3D_owxd3")

[node name="OmniLightCave6" parent="ProxZone02EnteringCave" instance=ExtResource("16_31mbo")]
transform = Transform3D(-0.983555, 0, -0.180605, 0, 1, 0, 0.180605, 0, -0.983555, -169.219, 316.225, 55.4216)

[node name="OmniLightCave7" parent="ProxZone02EnteringCave" instance=ExtResource("16_31mbo")]
transform = Transform3D(-0.983555, 0, -0.180605, 0, 1, 0, 0.180605, 0, -0.983555, -257.638, 324.335, 2030.61)

[node name="OmniLightCave8" parent="ProxZone02EnteringCave" instance=ExtResource("16_31mbo")]
transform = Transform3D(-0.983555, 0, -0.180605, 0, 1, 0, 0.180605, 0, -0.983555, -772.221, 3.71661, 1115.22)

[node name="OmniLightCave9" parent="ProxZone02EnteringCave" instance=ExtResource("16_31mbo")]
transform = Transform3D(-0.983555, 0, -0.180605, 0, 1, 0, 0.180605, 0, -0.983555, -816.499, 710.434, 1282.69)

[node name="OmniLightCave3" parent="ProxZone02EnteringCave" instance=ExtResource("16_31mbo")]
transform = Transform3D(-0.983555, 0, -0.180605, 0, 1, 0, 0.180605, 0, -0.983555, -777.823, 578.743, 1993.55)

[node name="BlastDoor3" parent="." instance=ExtResource("12_8csq4")]
transform = Transform3D(-0.983556, 0, 0.180605, 0, 1, 0, -0.180605, 0, -0.983556, -796.462, -321.905, 1062.52)

[node name="Crystal" parent="BlastDoor3" instance=ExtResource("12_nbgno")]
transform = Transform3D(1, 0, -2.66454e-15, 0, -4.37114e-08, 1, 0, -1, -4.37114e-08, 68.2771, 0, -19.431)

[node name="ProxZone03EnteringCanyon" parent="." instance=ExtResource("14_5x7jb")]
transform = Transform3D(1, 0, 0, 0, 1, 0, 0, 0, 1, 2.78439, -61.886, 84.6579)

[node name="ZoneTrigger" parent="ProxZone03EnteringCanyon" instance=ExtResource("15_78gg4")]
transform = Transform3D(1, 0, 0, 0, 1, 0, 0, 0, 1, -4.35433, 4.34367, -36.8469)
zone_name = 3

[node name="CollisionShape3D" type="CollisionShape3D" parent="ProxZone03EnteringCanyon/ZoneTrigger"]
transform = Transform3D(1, 0, 0, 0, 1, 0, 0, 0, 1, 0, 84.695, -7.52441)
shape = SubResource("SphereShape3D_cllpk")

[node name="LaserTurret" parent="ProxZone03EnteringCanyon" instance=ExtResource("17_cu70w")]
transform = Transform3D(1, 0, 0, 0, 1, 0, 0, 0, 1, -290.196, 75.2176, -1166.11)

[node name="OmniLightCave2" parent="ProxZone03EnteringCanyon" instance=ExtResource("16_31mbo")]
transform = Transform3D(1, 0, 0, 0, 1, 0, 0, 0, 1, 3.51362, 73.2851, -17.8133)

[node name="ProxZone" parent="." instance=ExtResource("14_5x7jb")]
transform = Transform3D(1, 0, 0, 0, 1, 0, 0, 0, 1, -71.8154, -91.8972, -1578.22)

[node name="ZoneTrigger" parent="ProxZone" instance=ExtResource("15_78gg4")]
zone_name = 4

[node name="CollisionShape3D" type="CollisionShape3D" parent="ProxZone/ZoneTrigger"]
transform = Transform3D(1, 0, 0, 0, 1, 0, 0, 0, 1, 14.1168, 0, -15.7448)
shape = SubResource("CapsuleShape3D_4o5e8")

[node name="ProjectileTurret" parent="ProxZone" instance=ExtResource("17_f2ymy")]
transform = Transform3D(1, 0, 0, 0, 1, 0, 0, 0, 1, 1054.35, 9.34546, -266.359)
fire_mode = 2

[node name="ProjectileTurret2" parent="ProxZone" instance=ExtResource("17_f2ymy")]
transform = Transform3D(1, 0, 0, 0, 1, 0, 0, 0, 1, 1025.89, 42.0864, -151.782)
fire_mode = 2

[node name="LaserTurret" parent="ProxZone" instance=ExtResource("17_cu70w")]
transform = Transform3D(1, 0, 0, 0, 1, 0, 0, 0, 1, 641.14, 88.6557, -224.687)

[node name="LaserTurret2" parent="ProxZone" instance=ExtResource("17_cu70w")]
transform = Transform3D(1, 0, 0, 0, 1, 0, 0, 0, 1, 1234.44, 94.724, -57.8811)

[node name="BlastDoor4" parent="." instance=ExtResource("12_8csq4")]
transform = Transform3D(-0.542339, 0, 0.84016, 0, 1, 0, -0.84016, 0, -0.542339, 1909.69, -11.3916, -1035.01)

[node name="Crystal" parent="BlastDoor4" instance=ExtResource("12_nbgno")]
transform = Transform3D(1, 0, 0, 0, -4.37114e-08, 1, 0, -1, -4.37114e-08, -72.4954, 16.1085, -18.6318)

[node name="Crystal2" parent="BlastDoor4" instance=ExtResource("12_nbgno")]
transform = Transform3D(1, 0, 3.55271e-15, 0, -4.37114e-08, 1, 0, -1, -4.37114e-08, -3.92725, 53.3405, -15.5671)

[node name="ProxZone2" parent="." instance=ExtResource("14_5x7jb")]
transform = Transform3D(1, 0, 0, 0, 1, 0, 0, 0, 1, 2049.46, -91.3923, -1083.98)

[node name="ZoneTrigger" parent="ProxZone2" instance=ExtResource("15_78gg4")]
transform = Transform3D(1, 0, 0, 0, 1, 0, 0, 0, 1, 2.25293, 0.783089, -3.16138)

[node name="CollisionShape3D" type="CollisionShape3D" parent="ProxZone2/ZoneTrigger"]
transform = Transform3D(1, 0, 0, 0, 1, 0, 0, 0, 1, 30.7188, 0, -40.5579)
shape = SubResource("CapsuleShape3D_0biq1")

[node name="ProjectileTurret" parent="ProxZone2" instance=ExtResource("17_f2ymy")]
transform = Transform3D(1, 0, 0, 0, 1, 0, 0, 0, 1, -374.636, -1.07572, -1102.17)
fire_mode = 2

[node name="ProjectileTurret2" parent="ProxZone2" instance=ExtResource("17_f2ymy")]
transform = Transform3D(1, 0, 0, 0, 1, 0, 0, 0, 1, -370.516, -1.07572, -1170.09)
fire_mode = 1

[node name="OmniLightCanyon" parent="." instance=ExtResource("19_u6n46")]
transform = Transform3D(1, 0, 0, 0, 1, 0, 0, 0, 1, 1600.28, -81.9168, -2263.71)
