[gd_scene load_steps=41 format=3 uid="uid://dydrr63f746ur"]

[ext_resource type="Script" path="res://scripts/main.gd" id="1_sebui"]
[ext_resource type="PackedScene" uid="uid://wk8ox7egbudr" path="res://scenes/ship.tscn" id="2_kkbaq"]
[ext_resource type="PackedScene" uid="uid://bag23ibu3ddf1" path="res://scenes/camera_rig.tscn" id="3_e40k6"]
[ext_resource type="PackedScene" uid="uid://bv2g21feowrn3" path="res://scenes/hud.tscn" id="4_a4gyl"]
[ext_resource type="PackedScene" uid="uid://cctm4t5452j1g" path="res://scenes/levels/level_object_scenes/trench_02.tscn" id="5_8cavi"]
[ext_resource type="Environment" uid="uid://dwo5bgnx8gesy" path="res://resources/canyon_run_world_environment.tres" id="5_jcujb"]
[ext_resource type="PackedScene" uid="uid://d23s48brb7axp" path="res://assets/props/elbow_pipe01.glb" id="7_cfo38"]
[ext_resource type="PackedScene" uid="uid://chtu5gyv4ebam" path="res://assets/props/straight_pipe01.glb" id="8_2pgjq"]
[ext_resource type="PackedScene" uid="uid://c3eftue5uxh0f" path="res://assets/props/straight_pipe_long01.glb" id="9_tgab0"]
[ext_resource type="PackedScene" uid="uid://ca6tuggw5nlul" path="res://scenes/blast_wall/blast_door.tscn" id="12_8csq4"]
[ext_resource type="PackedScene" uid="uid://yl20owsmi50l" path="res://scenes/crystal/crystal.tscn" id="12_nbgno"]
[ext_resource type="PackedScene" uid="uid://bjgbj1egj4yyk" path="res://scenes/prox_zone.tscn" id="14_5x7jb"]
[ext_resource type="PackedScene" uid="uid://b84gwpfj7j0eq" path="res://scenes/zone_trigger.tscn" id="15_78gg4"]
[ext_resource type="PackedScene" uid="uid://b3auk0it0a8fw" path="res://scenes/levels/level_object_scenes/omni_light_cave.tscn" id="16_31mbo"]
[ext_resource type="Script" path="res://scripts/y_checker.gd" id="16_mxk7d"]
[ext_resource type="PackedScene" uid="uid://ddphuw4pwv8q8" path="res://scenes/levels/level_object_scenes/cave_01.tscn" id="16_wnt8b"]
[ext_resource type="PackedScene" uid="uid://cdrpc5daiyglh" path="res://scenes/turrets/laser_turret.tscn" id="17_cu70w"]
[ext_resource type="PackedScene" uid="uid://t37eul41x86d" path="res://scenes/turrets/projectile_turret.tscn" id="17_f2ymy"]
[ext_resource type="PackedScene" uid="uid://dgajnpjqbepw0" path="res://scenes/blast_wall/blast_door_tutorial.tscn" id="18_y35io"]
[ext_resource type="PackedScene" uid="uid://c6iaef804diea" path="res://scenes/levels/level_object_scenes/omni_light_canyon.tscn" id="19_u6n46"]
[ext_resource type="PackedScene" uid="uid://cfclqkm2ihib0" path="res://scenes/objective/generator_base.tscn" id="20_i4ycx"]
[ext_resource type="PackedScene" uid="uid://csl63b474abnd" path="res://scenes/objective/objective_door.tscn" id="21_auxj4"]
[ext_resource type="PackedScene" uid="uid://c0oi5pmunnlf8" path="res://scenes/objective/generator_base_door_frame.tscn" id="22_8g6bb"]
[ext_resource type="PackedScene" uid="uid://bfn4f3en4ursj" path="res://scenes/levels/level_object_scenes/chase_01.tscn" id="23_ebtpl"]

[sub_resource type="BoxShape3D" id="BoxShape3D_pxy5w"]
size = Vector3(100, 518.651, 659.217)

[sub_resource type="BoxShape3D" id="BoxShape3D_j3b1t"]
size = Vector3(100, 443.126, 648.278)

[sub_resource type="SphereShape3D" id="SphereShape3D_avpex"]
radius = 800.0

[sub_resource type="BoxShape3D" id="BoxShape3D_owxd3"]
size = Vector3(323.042, 253.684, 238.07)

[sub_resource type="SphereShape3D" id="SphereShape3D_cllpk"]
radius = 152.94

[sub_resource type="CapsuleShape3D" id="CapsuleShape3D_4o5e8"]
radius = 162.691
height = 628.769

[sub_resource type="CapsuleShape3D" id="CapsuleShape3D_0biq1"]
radius = 174.262
height = 500.0

[sub_resource type="CapsuleShape3D" id="CapsuleShape3D_rfqhx"]
radius = 249.977
height = 703.275

[sub_resource type="CapsuleShape3D" id="CapsuleShape3D_bd06s"]
radius = 60.0
height = 400.0

[sub_resource type="CapsuleShape3D" id="CapsuleShape3D_e55bj"]
radius = 150.0
height = 400.0

[sub_resource type="CapsuleShape3D" id="CapsuleShape3D_y5jgu"]
radius = 200.0
height = 500.0

[sub_resource type="CapsuleShape3D" id="CapsuleShape3D_p07io"]
radius = 100.0
height = 200.0

[sub_resource type="CapsuleShape3D" id="CapsuleShape3D_776jv"]
radius = 100.0
height = 200.0

[sub_resource type="CapsuleShape3D" id="CapsuleShape3D_0h33b"]
radius = 100.0
height = 200.0

[sub_resource type="CapsuleShape3D" id="CapsuleShape3D_ai3w1"]
radius = 200.0
height = 400.0

[sub_resource type="CapsuleShape3D" id="CapsuleShape3D_l5y27"]
radius = 100.0
height = 400.0

[node name="Leve02" type="Node3D" node_paths=PackedStringArray("spawn_point")]
script = ExtResource("1_sebui")
spawn_point = NodePath("Spawn")
debug_checkpoint = 3
ship_scene = ExtResource("2_kkbaq")
camera_scene = ExtResource("3_e40k6")
hud_scene = ExtResource("4_a4gyl")

[node name="Spawn" type="Marker3D" parent="."]
transform = Transform3D(-4.37114e-08, 0, 1, 0, 1, 0, -1, 0, -4.37114e-08, -5286.87, -252.838, 1951.48)
gizmo_extents = 50.0

[node name="DebugSpawn" type="Marker3D" parent="."]
transform = Transform3D(0.77138, 0, -0.636374, 0, 1, 0, 0.636374, 0, 0.77138, -1290.33, -0.763992, -5163.46)
gizmo_extents = 50.0

[node name="YChecker" type="Node3D" parent="."]
unique_name_in_owner = true
transform = Transform3D(1, 0, 0, 0, 1, 0, 0, 0, 1, 0, 40.886, 0)
script = ExtResource("16_mxk7d")

[node name="WorldEnvironment" type="WorldEnvironment" parent="."]
unique_name_in_owner = true
environment = ExtResource("5_jcujb")

[node name="CanyonDirectionalLight" type="DirectionalLight3D" parent="."]
unique_name_in_owner = true
transform = Transform3D(0.523894, 0.822714, 0.220628, -0.801444, 0.388387, 0.4548, 0.288481, -0.415088, 0.862833, 0, 36.2723, 0)
shadow_enabled = true
shadow_opacity = 0.6
directional_shadow_fade_start = 0.4
directional_shadow_max_distance = 500.0

[node name="CaveDirectionalLight" type="DirectionalLight3D" parent="."]
unique_name_in_owner = true
transform = Transform3D(0.523894, 0.822714, 0.220628, -0.801444, 0.388387, 0.4548, 0.288481, -0.415088, 0.862833, 0, 36.2723, 0)
visible = false
shadow_enabled = true
sky_mode = 2

[node name="trench02" parent="." instance=ExtResource("5_8cavi")]

[node name="chase01" parent="." instance=ExtResource("23_ebtpl")]
transform = Transform3D(0.946913, 0, -0.321489, 0, 1, 0, 0.321489, 0, 0.946913, -2173.82, -43.1724, -3137.5)

[node name="TutorialTriggers" type="Node3D" parent="."]
transform = Transform3D(1, 0, 0, 0, 1, 0, 0, 0, 1, -3806.71, -422.374, 1843.01)

[node name="ZoneTrigger" parent="TutorialTriggers" instance=ExtResource("15_78gg4")]
transform = Transform3D(1, 0, 0, 0, 1, 0, 0, 0, 1, -902.58, 73.4268, -16.6324)
zone_name = 28

[node name="CollisionShape3D" type="CollisionShape3D" parent="TutorialTriggers/ZoneTrigger"]
transform = Transform3D(1, 0, 0, 0, 1, 0, 0, 0, 1, 0, 94.9595, -40.2688)
shape = SubResource("BoxShape3D_pxy5w")

[node name="ZoneTrigger2" parent="TutorialTriggers" instance=ExtResource("15_78gg4")]
transform = Transform3D(1, 0, 0, 0, 1, 0, 0, 0, 1, 1226.59, 73.4268, -16.6324)
zone_name = 29

[node name="CollisionShape3D" type="CollisionShape3D" parent="TutorialTriggers/ZoneTrigger2"]
transform = Transform3D(1, 0, 0, 0, 1, 0, 0, 0, 1, 0, 94.9595, -40.2688)
shape = SubResource("BoxShape3D_pxy5w")

[node name="ZoneTrigger4" parent="TutorialTriggers" instance=ExtResource("15_78gg4")]
transform = Transform3D(1, 0, 0, 0, 1, 0, 0, 0, 1, 2121.12, 73.4268, 138.053)
zone_name = 31

[node name="CollisionShape3D" type="CollisionShape3D" parent="TutorialTriggers/ZoneTrigger4"]
transform = Transform3D(0.856916, 0, -0.515457, 0, 1, 0, 0.515457, 0, 0.856916, 107.327, 94.9595, 29.8074)
shape = SubResource("BoxShape3D_pxy5w")

[node name="ZoneTrigger5" parent="TutorialTriggers" instance=ExtResource("15_78gg4")]
transform = Transform3D(1, 0, 0, 0, 1, 0, 0, 0, 1, 2885.08, 73.4267, -10.8491)
zone_name = 30

[node name="CollisionShape3D" type="CollisionShape3D" parent="TutorialTriggers/ZoneTrigger5"]
transform = Transform3D(0.3317, 0, 0.943385, 0, 1, 0, -0.943385, 0, 0.3317, 67.2115, 94.9595, 19.2306)
shape = SubResource("BoxShape3D_pxy5w")

[node name="ZoneTrigger6" parent="TutorialTriggers" instance=ExtResource("15_78gg4")]
transform = Transform3D(1, 0, 0, 0, 1, 0, 0, 0, 1, 1526.47, 364.387, -4665.12)
zone_name = 29

[node name="CollisionShape3D" type="CollisionShape3D" parent="TutorialTriggers/ZoneTrigger6"]
transform = Transform3D(0.403386, 0, 0.91503, 0, 1, 0, -0.91503, 0, 0.403386, 67.2114, 94.9595, 19.2307)
shape = SubResource("BoxShape3D_pxy5w")

[node name="ZoneTrigger7" parent="TutorialTriggers" instance=ExtResource("15_78gg4")]
transform = Transform3D(1, 0, 0, 0, 1, 0, 0, 0, 1, 1746.93, 364.387, -5474.92)
zone_name = 28

[node name="CollisionShape3D" type="CollisionShape3D" parent="TutorialTriggers/ZoneTrigger7"]
transform = Transform3D(0.403386, 0, 0.91503, 0, 1, 0, -0.91503, 0, 0.403386, 67.2114, 94.9595, 19.2307)
shape = SubResource("BoxShape3D_pxy5w")

[node name="VoiceTriggers" type="Node3D" parent="."]

[node name="ZoneTrigger" parent="VoiceTriggers" instance=ExtResource("15_78gg4")]
transform = Transform3D(1, 0, 0, 0, 1, 0, 0, 0, 1, -4815.05, -222.26, 1889.53)
zone_name = 9

[node name="CollisionShape3D" type="CollisionShape3D" parent="VoiceTriggers/ZoneTrigger"]
transform = Transform3D(1, 0, 0, 0, 1, 0, 0, 0, 1, -105.49, -64.2704, 7.66479)
shape = SubResource("BoxShape3D_j3b1t")

[node name="ZoneTrigger2" parent="VoiceTriggers" instance=ExtResource("15_78gg4")]
transform = Transform3D(1, 0, 0, 0, 1, 0, 0, 0, 1, -3920.47, -222.26, 1760.27)
zone_name = 10

[node name="CollisionShape3D" type="CollisionShape3D" parent="VoiceTriggers/ZoneTrigger2"]
transform = Transform3D(1, 0, 0, 0, 1, 0, 0, 0, 1, -105.49, -64.2704, 7.66479)
shape = SubResource("BoxShape3D_j3b1t")

[node name="ZoneTrigger3" parent="VoiceTriggers" instance=ExtResource("15_78gg4")]
transform = Transform3D(1, 0, 0, 0, 1, 0, 0, 0, 1, -1612.23, -222.26, 1945.41)
zone_name = 11

[node name="CollisionShape3D" type="CollisionShape3D" parent="VoiceTriggers/ZoneTrigger3"]
transform = Transform3D(0.884467, 0, -0.466603, 0, 1, 0, 0.466603, 0, 0.884467, -14.9266, -64.2704, 62.9124)
shape = SubResource("BoxShape3D_j3b1t")

[node name="ZoneTrigger4" parent="VoiceTriggers" instance=ExtResource("15_78gg4")]
transform = Transform3D(1, 0, 0, 0, 1, 0, 0, 0, 1, -878.589, -222.26, 1792.82)
zone_name = 12

[node name="CollisionShape3D" type="CollisionShape3D" parent="VoiceTriggers/ZoneTrigger4"]
transform = Transform3D(0.423915, 0, 0.905702, 0, 1, 0, -0.905702, 0, 0.423915, -14.9266, -64.2704, 62.9124)
shape = SubResource("BoxShape3D_j3b1t")

[node name="ZoneTrigger6" parent="VoiceTriggers" instance=ExtResource("15_78gg4")]
transform = Transform3D(1, 0, 0, 0, 1, 0, 0, 0, 1, -11.5883, 2.4902, 2.55492)
zone_name = 15

[node name="CollisionShape3D" type="CollisionShape3D" parent="VoiceTriggers/ZoneTrigger6"]
transform = Transform3D(0.173528, 0, 0.984829, 0, 1, 0, -0.984829, 0, 0.173528, 0, 0, 0)
shape = SubResource("BoxShape3D_j3b1t")

[node name="ZoneTrigger7" parent="VoiceTriggers" instance=ExtResource("15_78gg4")]
transform = Transform3D(1, 0, 0, 0, 1, 0, 0, 0, 1, -133.658, 2.4902, -898.679)
zone_name = 16

[node name="CollisionShape3D" type="CollisionShape3D" parent="VoiceTriggers/ZoneTrigger7"]
transform = Transform3D(-0.503035, 0, 0.864266, 0, 1, 0, -0.864266, 0, -0.503035, 0, 0, 0)
shape = SubResource("BoxShape3D_j3b1t")

[node name="ZoneTrigger8" parent="VoiceTriggers" instance=ExtResource("15_78gg4")]
transform = Transform3D(1, 0, 0, 0, 1, 0, 0, 0, 1, -413.121, 2.4902, -3822)
zone_name = 17

[node name="CollisionShape3D" type="CollisionShape3D" parent="VoiceTriggers/ZoneTrigger8"]
transform = Transform3D(-0.084043, 0, 0.996462, 0, 1, 0, -0.996462, 0, -0.084043, 0, 0, 0)
shape = SubResource("BoxShape3D_j3b1t")

[node name="ZoneTrigger9" parent="VoiceTriggers" instance=ExtResource("15_78gg4")]
transform = Transform3D(1, 0, 0, 0, 1, 0, 0, 0, 1, -1566.72, 2.4902, -4463.76)
zone_name = 18

[node name="CollisionShape3D" type="CollisionShape3D" parent="VoiceTriggers/ZoneTrigger9"]
transform = Transform3D(0.431063, 0, 0.902322, 0, 1, 0, -0.902322, 0, 0.431063, 0, 0, 0)
shape = SubResource("BoxShape3D_j3b1t")

[node name="ZoneTrigger10" parent="VoiceTriggers" instance=ExtResource("15_78gg4")]
transform = Transform3D(1, 0, 0, 0, 1, 0, 0, 0, 1, -2161.68, 2.4902, -3141.42)
zone_name = 14

[node name="CollisionShape3D" type="CollisionShape3D" parent="VoiceTriggers/ZoneTrigger10"]
transform = Transform3D(0.431063, 0, 0.902322, 0, 1, 0, -0.902322, 0, 0.431063, 0, 0, 0)
shape = SubResource("BoxShape3D_j3b1t")

[node name="ZoneTrigger11" parent="VoiceTriggers" instance=ExtResource("15_78gg4")]
transform = Transform3D(1, 0, 0, 0, 1, 0, 0, 0, 1, -5707.35, -1173.99, -57.6251)
zone_name = 24

[node name="CollisionShape3D" type="CollisionShape3D" parent="VoiceTriggers/ZoneTrigger11"]
transform = Transform3D(0.965958, 0, -0.258701, 0, 1, 0, 0.258701, 0, 0.965958, 83.9194, 0, 19.7356)
shape = SubResource("BoxShape3D_j3b1t")

[node name="ZoneTrigger12" parent="VoiceTriggers" instance=ExtResource("15_78gg4")]
transform = Transform3D(1, 0, 0, 0, 1, 0, 0, 0, 1, -4826.71, -1173.99, 208.122)
zone_name = 22

[node name="CollisionShape3D" type="CollisionShape3D" parent="VoiceTriggers/ZoneTrigger12"]
transform = Transform3D(0.965958, 0, -0.258701, 0, 1, 0, 0.258701, 0, 0.965958, 83.9194, 0, 19.7356)
shape = SubResource("BoxShape3D_j3b1t")

[node name="StaticPropsCave" type="Node3D" parent="."]
transform = Transform3D(1, 0, 0, 0, 1, 0, 0, 0, 1, -4139.64, -510.453, 2636.33)

[node name="straight_pipe_long04" parent="StaticPropsCave" instance=ExtResource("9_tgab0")]
transform = Transform3D(2.98023e-08, 1, 0, -1, 2.98023e-08, 0, 0, 0, 1, 2497.18, 215.481, -771.84)

[node name="straight_pipe_long05" parent="StaticPropsCave" instance=ExtResource("9_tgab0")]
transform = Transform3D(2.98023e-08, 1, 0, -1, 2.98023e-08, 0, 0, 0, 1, 2497.18, 59.7549, -771.84)

[node name="straight_pipe_long06" parent="StaticPropsCave" instance=ExtResource("9_tgab0")]
transform = Transform3D(2.98023e-08, 1, 0, -1, 2.98023e-08, 0, 0, 0, 1, 2481.46, 225.407, -739.317)

[node name="straight_pipe_long07" parent="StaticPropsCave" instance=ExtResource("9_tgab0")]
transform = Transform3D(2.98023e-08, 1, 0, -1, 2.98023e-08, 0, 0, 0, 1, 2481.46, 69.6798, -739.317)

[node name="straight_pipe_long08" parent="StaticPropsCave" instance=ExtResource("9_tgab0")]
transform = Transform3D(2.98023e-08, 1, 0, -1, 2.98023e-08, 0, 0, 0, 1, 2459.27, 210.378, -708.503)

[node name="straight_pipe_long09" parent="StaticPropsCave" instance=ExtResource("9_tgab0")]
transform = Transform3D(2.98023e-08, 1, 0, -1, 2.98023e-08, 0, 0, 0, 1, 2459.27, 54.6509, -708.503)

[node name="straight_pipe_long10" parent="StaticPropsCave" instance=ExtResource("9_tgab0")]
transform = Transform3D(2.98023e-08, 1, 0, -1, 2.98023e-08, 0, 0, 0, 1, 2436.62, 192.287, -678.617)

[node name="straight_pipe_long11" parent="StaticPropsCave" instance=ExtResource("9_tgab0")]
transform = Transform3D(2.98023e-08, 1, 0, -1, 2.98023e-08, 0, 0, 0, 1, 2436.62, 36.5609, -678.617)

[node name="straight_pipe_long12" parent="StaticPropsCave" instance=ExtResource("9_tgab0")]
transform = Transform3D(2.98023e-08, 1, 0, -1, 2.98023e-08, 0, 0, 0, 1, 2408.08, 237.137, -649.471)

[node name="straight_pipe_long13" parent="StaticPropsCave" instance=ExtResource("9_tgab0")]
transform = Transform3D(2.98023e-08, 1, 0, -1, 2.98023e-08, 0, 0, 0, 1, 2408.08, 81.4108, -649.471)

[node name="elbow_pipe02" parent="StaticPropsCave" instance=ExtResource("7_cfo38")]
transform = Transform3D(0.943263, 0, -0.332046, 0, 1, 0, 0.332046, 0, 0.943263, 3429.36, 188.043, -1856.73)

[node name="straight_pipe03" parent="StaticPropsCave" instance=ExtResource("8_2pgjq")]
transform = Transform3D(0.943263, 0, -0.332046, 0, 1, 0, 0.332046, 0, 0.943263, 3381.04, 188.699, -1873.61)

[node name="straight_pipe04" parent="StaticPropsCave" instance=ExtResource("8_2pgjq")]
transform = Transform3D(-4.12313e-08, -0.943263, -0.332046, 1, -4.37114e-08, 0, -1.45142e-08, -0.332046, 0.943263, 3434.63, 131.832, -1854.75)

[node name="elbow_pipe07" parent="StaticPropsCave" instance=ExtResource("7_cfo38")]
transform = Transform3D(-0.358417, 0, 0.933562, 0, 1, 0, -0.933562, 0, -0.358417, 3151.5, 184.159, -564.562)

[node name="straight_pipe13" parent="StaticPropsCave" instance=ExtResource("8_2pgjq")]
transform = Transform3D(-0.358417, 0, 0.933562, 0, 1, 0, -0.933562, 0, -0.358417, 3169.95, 184.815, -516.824)

[node name="straight_pipe14" parent="StaticPropsCave" instance=ExtResource("8_2pgjq")]
transform = Transform3D(1.56669e-08, 0.358417, 0.933562, 1, -4.37114e-08, 8.37786e-16, 4.08073e-08, 0.933562, -0.358417, 3149.59, 127.948, -569.86)

[node name="elbow_pipe08" parent="StaticPropsCave" instance=ExtResource("7_cfo38")]
transform = Transform3D(-0.754217, 0, -0.656625, 0, 1, 0, 0.656625, 0, -0.754217, 2758.07, 173.723, -595.19)

[node name="straight_pipe15" parent="StaticPropsCave" instance=ExtResource("8_2pgjq")]
transform = Transform3D(-0.754217, 0, -0.656625, 0, 1, 0, 0.656625, 0, -0.754217, 2796.59, 174.379, -628.886)

[node name="straight_pipe16" parent="StaticPropsCave" instance=ExtResource("8_2pgjq")]
transform = Transform3D(3.29679e-08, 0.754217, -0.656625, 1, -4.37114e-08, 4.60726e-15, -2.8702e-08, -0.656625, -0.754217, 2753.74, 117.512, -591.584)

[node name="elbow_pipe03" parent="StaticPropsCave" instance=ExtResource("7_cfo38")]
transform = Transform3D(0.999982, 0, -0.00598648, 0, 1, 0, 0.00598648, 0, 0.999982, 4024.09, 492.797, -2023.18)

[node name="straight_pipe05" parent="StaticPropsCave" instance=ExtResource("8_2pgjq")]
transform = Transform3D(0.999982, 0, -0.00598648, 0, 1, 0, 0.00598648, 0, 0.999982, 3972.84, 493.956, -2023.37)

[node name="straight_pipe06" parent="StaticPropsCave" instance=ExtResource("8_2pgjq")]
transform = Transform3D(-4.37106e-08, -0.999982, -0.00598648, 1, -4.37114e-08, 0, -2.61677e-10, -0.00598648, 0.999982, 4029.65, 437.089, -2023.03)

[node name="elbow_pipe04" parent="StaticPropsCave" instance=ExtResource("7_cfo38")]
transform = Transform3D(-0.999982, -8.74228e-08, 0.00598648, -8.79445e-08, 1, -8.68978e-08, -0.00598648, -8.74228e-08, -0.999982, 4159.08, 445.58, -1910.41)

[node name="straight_pipe07" parent="StaticPropsCave" instance=ExtResource("8_2pgjq")]
transform = Transform3D(-0.999982, -8.74228e-08, 0.00598648, -8.79445e-08, 1, -8.68978e-08, -0.00598648, -8.74228e-08, -0.999982, 4210.26, 446.236, -1910.22)

[node name="straight_pipe08" parent="StaticPropsCave" instance=ExtResource("8_2pgjq")]
transform = Transform3D(-4.37122e-08, 0.999982, 0.00598648, 1, 4.42331e-08, -8.68978e-08, -8.71611e-08, 0.00598648, -0.999982, 4153.45, 389.369, -1910.56)

[node name="straight_pipe_long02" parent="StaticPropsCave" instance=ExtResource("9_tgab0")]
transform = Transform3D(1, 0, 0, 0, 1, 0, 0, 0, 1, 3259.13, 278.145, -1152.56)

[node name="straight_pipe_long03" parent="StaticPropsCave" instance=ExtResource("9_tgab0")]
transform = Transform3D(1, 0, 0, 0, 1, 0, 0, 0, 1, 3416.04, 278.145, -1152.56)

[node name="straight_pipe_long16" parent="StaticPropsCave" instance=ExtResource("9_tgab0")]
transform = Transform3D(0.538569, -0.538569, 0.647987, 0.707107, 0.707107, 0, -0.458196, 0.458196, 0.761651, 3412.73, 224.265, -2276.72)

[node name="straight_pipe_long17" parent="StaticPropsCave" instance=ExtResource("9_tgab0")]
transform = Transform3D(0.538569, -0.538569, 0.647987, 0.707107, 0.707107, 0, -0.458196, 0.458196, 0.761651, 3497.23, 335.217, -2348.61)

[node name="straight_pipe_long18" parent="StaticPropsCave" instance=ExtResource("9_tgab0")]
transform = Transform3D(0.538569, -0.538569, 0.647987, 0.707107, 0.707107, 0, -0.458196, 0.458196, 0.761651, 3458.84, 215.952, -2315.95)

[node name="straight_pipe_long19" parent="StaticPropsCave" instance=ExtResource("9_tgab0")]
transform = Transform3D(0.538569, -0.538569, 0.647987, 0.707107, 0.707107, 0, -0.458196, 0.458196, 0.761651, 3543.36, 326.904, -2387.86)

[node name="straight_pipe_long30" parent="StaticPropsCave" instance=ExtResource("9_tgab0")]
transform = Transform3D(-4.37114e-08, 0, -1, 0, 1, 0, 1, 0, -4.37114e-08, 3704.07, 248.635, -2658.82)

[node name="straight_pipe_long31" parent="StaticPropsCave" instance=ExtResource("9_tgab0")]
transform = Transform3D(-4.37114e-08, 0, -1, 0, 1, 0, 1, 0, -4.37114e-08, 3704.07, 248.635, -2501.91)

[node name="straight_pipe_long32" parent="StaticPropsCave" instance=ExtResource("9_tgab0")]
transform = Transform3D(-4.37114e-08, 0, -1, 0, 1, 0, 1, 0, -4.37114e-08, 3583.01, 198.202, -2609.45)

[node name="straight_pipe_long33" parent="StaticPropsCave" instance=ExtResource("9_tgab0")]
transform = Transform3D(-4.37114e-08, 0, -1, 0, 1, 0, 1, 0, -4.37114e-08, 3583.01, 198.202, -2452.54)

[node name="straight_pipe_long20" parent="StaticPropsCave" instance=ExtResource("9_tgab0")]
transform = Transform3D(0.538569, -0.538569, 0.647987, 0.707107, 0.707107, 0, -0.458196, 0.458196, 0.761651, 3472.13, 155.486, -2327.26)

[node name="straight_pipe_long21" parent="StaticPropsCave" instance=ExtResource("9_tgab0")]
transform = Transform3D(0.538569, -0.538569, 0.647987, 0.707107, 0.707107, 0, -0.458196, 0.458196, 0.761651, 3556.64, 266.438, -2399.16)

[node name="straight_pipe_long23" parent="StaticPropsCave" instance=ExtResource("9_tgab0")]
transform = Transform3D(0.707107, -0.707107, 0, 0.69964, 0.69964, -0.144943, 0.10249, 0.10249, 0.98944, 3989.49, -78.4268, -1541.86)

[node name="straight_pipe_long28" parent="StaticPropsCave" instance=ExtResource("9_tgab0")]
transform = Transform3D(0.707107, -0.707107, 0, 0.69964, 0.69964, -0.144943, 0.10249, 0.10249, 0.98944, 3873.63, -133.915, -1571.58)

[node name="straight_pipe_long29" parent="StaticPropsCave" instance=ExtResource("9_tgab0")]
transform = Transform3D(0.707107, -0.707107, 0, 0.69964, 0.69964, -0.144943, 0.10249, 0.10249, 0.98944, 3984.58, -24.1342, -1555.5)

[node name="straight_pipe_long25" parent="StaticPropsCave" instance=ExtResource("9_tgab0")]
transform = Transform3D(0.707107, -0.707107, 0, 0.69964, 0.69964, -0.144943, 0.10249, 0.10249, 0.98944, 4050.04, -86.6495, -1543.06)

[node name="StaticPropsCanyon" type="Node3D" parent="."]

[node name="straight_pipe_long08" parent="StaticPropsCanyon" instance=ExtResource("9_tgab0")]
transform = Transform3D(0.57619, 0, -0.817316, 0, 1, 0, 0.817316, 0, 0.57619, 176.854, -40.4097, -1716.41)

[node name="elbow_pipe01" parent="StaticPropsCanyon" instance=ExtResource("7_cfo38")]
transform = Transform3D(1, 0, 0, 0, 1, 0, 0, 0, 1, -153.974, -58.3016, -4416.64)

[node name="straight_pipe01" parent="StaticPropsCanyon" instance=ExtResource("8_2pgjq")]
transform = Transform3D(1, 0, 0, 0, 1, 0, 0, 0, 1, -202.418, -57.0443, -4416.66)

[node name="elbow_pipe02" parent="StaticPropsCanyon" instance=ExtResource("7_cfo38")]
transform = Transform3D(0.990759, 0, -0.135629, 0, 1, 0, 0.135629, 0, 0.990759, -173.168, -39.5807, -1434.29)

[node name="straight_pipe02" parent="StaticPropsCanyon" instance=ExtResource("8_2pgjq")]
transform = Transform3D(0.990759, 0, -0.135629, 0, 1, 0, 0.135629, 0, 0.990759, -222.247, -39.371, -1440.98)

[node name="straight_pipe03" parent="StaticPropsCanyon" instance=ExtResource("8_2pgjq")]
transform = Transform3D(-3.45411e-08, -0.790209, -0.612838, 1, -4.37114e-08, 0, -2.6788e-08, -0.612838, 0.790209, -166.774, -94.8499, -1433.78)

[node name="straight_pipe_long02" parent="StaticPropsCanyon" instance=ExtResource("9_tgab0")]
transform = Transform3D(-4.37114e-08, 0, -1, 0, 1, 0, 1, 0, -4.37114e-08, 708.838, 33.8695, -1904.32)

[node name="straight_pipe_long03" parent="StaticPropsCanyon" instance=ExtResource("9_tgab0")]
transform = Transform3D(-4.37114e-08, 0, -1, 0, 1, 0, 1, 0, -4.37114e-08, 708.838, 33.8695, -1747.45)

[node name="straight_pipe_long06" parent="StaticPropsCanyon" instance=ExtResource("9_tgab0")]
transform = Transform3D(1.31134e-07, 0, 1, 0, 1, 0, -1, 0, 1.31134e-07, 721.371, -6.93709, -1784.05)

[node name="straight_pipe_long07" parent="StaticPropsCanyon" instance=ExtResource("9_tgab0")]
transform = Transform3D(1.31134e-07, 0, 1, 0, 1, 0, -1, 0, 1.31134e-07, 721.371, -6.93709, -1940.92)

[node name="straight_pipe_long04" parent="StaticPropsCanyon" instance=ExtResource("9_tgab0")]
transform = Transform3D(-4.37114e-08, 0, -1, 0, 1, 0, 1, 0, -4.37114e-08, 717.448, -45.7576, -1917.67)

[node name="straight_pipe_long05" parent="StaticPropsCanyon" instance=ExtResource("9_tgab0")]
transform = Transform3D(-4.37114e-08, 0, -1, 0, 1, 0, 1, 0, -4.37114e-08, 717.448, -45.7576, -1760.8)

[node name="straight_pipe_long09" parent="StaticPropsCanyon" instance=ExtResource("9_tgab0")]
transform = Transform3D(0.885345, 0, 0.464935, 0, 1, 0, -0.464935, 0, 0.885345, 1323.7, 3.65113, -1179.29)

[node name="straight_pipe_long17" parent="StaticPropsCanyon" instance=ExtResource("9_tgab0")]
transform = Transform3D(0.840425, 0, -0.541928, 0, 1, 0, 0.541928, 0, 0.840425, 2071.23, 30.2502, -1215)

[node name="straight_pipe_long18" parent="StaticPropsCanyon" instance=ExtResource("9_tgab0")]
transform = Transform3D(0.840425, 0, -0.541928, 0, 1, 0, 0.541928, 0, 0.840425, 2203.55, 30.2502, -1129.67)

[node name="straight_pipe_long19" parent="StaticPropsCanyon" instance=ExtResource("9_tgab0")]
transform = Transform3D(0.91252, 0, -0.409031, 0, 1, 0, 0.409031, 0, 0.91252, 2206.91, 43.9445, -1348.97)

[node name="straight_pipe_long20" parent="StaticPropsCanyon" instance=ExtResource("9_tgab0")]
transform = Transform3D(0.91252, 0, -0.409031, 0, 1, 0, 0.409031, 0, 0.91252, 2350.59, 43.9445, -1284.57)

[node name="straight_pipe_long25" parent="StaticPropsCanyon" instance=ExtResource("9_tgab0")]
transform = Transform3D(0.91252, 0, -0.409031, 0, 1, 0, 0.409031, 0, 0.91252, 2180.74, -3.46419, -1361.85)

[node name="straight_pipe_long26" parent="StaticPropsCanyon" instance=ExtResource("9_tgab0")]
transform = Transform3D(0.91252, 0, -0.409031, 0, 1, 0, 0.409031, 0, 0.91252, 2324.42, -3.46419, -1297.44)

[node name="straight_pipe_long40" parent="StaticPropsCanyon" instance=ExtResource("9_tgab0")]
transform = Transform3D(0.91252, 0, -0.409031, 0, 1, 0, 0.409031, 0, 0.91252, 2180.74, -58.0067, -1361.85)

[node name="straight_pipe_long41" parent="StaticPropsCanyon" instance=ExtResource("9_tgab0")]
transform = Transform3D(0.91252, 0, -0.409031, 0, 1, 0, 0.409031, 0, 0.91252, 2324.42, -58.0067, -1297.44)

[node name="straight_pipe_long27" parent="StaticPropsCanyon" instance=ExtResource("9_tgab0")]
transform = Transform3D(0.91252, 0, -0.409031, 0, 1, 0, 0.409031, 0, 0.91252, 2206.91, -29.6887, -1348.97)

[node name="straight_pipe_long28" parent="StaticPropsCanyon" instance=ExtResource("9_tgab0")]
transform = Transform3D(0.91252, 0, -0.409031, 0, 1, 0, 0.409031, 0, 0.91252, 2350.59, -29.6887, -1284.57)

[node name="straight_pipe_long42" parent="StaticPropsCanyon" instance=ExtResource("9_tgab0")]
transform = Transform3D(0.91252, 0, -0.409031, 0, 1, 0, 0.409031, 0, 0.91252, 2195.66, -84.1715, -1354.44)

[node name="straight_pipe_long43" parent="StaticPropsCanyon" instance=ExtResource("9_tgab0")]
transform = Transform3D(0.91252, 0, -0.409031, 0, 1, 0, 0.409031, 0, 0.91252, 2339.34, -84.1715, -1290.04)

[node name="straight_pipe_long21" parent="StaticPropsCanyon" instance=ExtResource("9_tgab0")]
transform = Transform3D(0.993367, 0, -0.114989, 0, 1, 0, 0.114989, 0, 0.993367, 2198.71, 0.198318, -1528.63)

[node name="straight_pipe_long22" parent="StaticPropsCanyon" instance=ExtResource("9_tgab0")]
transform = Transform3D(0.993367, 0, -0.114989, 0, 1, 0, 0.114989, 0, 0.993367, 2355.12, 0.198318, -1510.52)

[node name="straight_pipe_long44" parent="StaticPropsCanyon" instance=ExtResource("9_tgab0")]
transform = Transform3D(0.993367, 0, -0.114989, 0, 1, 0, 0.114989, 0, 0.993367, 2221.15, -72.8511, -1526.11)

[node name="straight_pipe_long45" parent="StaticPropsCanyon" instance=ExtResource("9_tgab0")]
transform = Transform3D(0.993367, 0, -0.114989, 0, 1, 0, 0.114989, 0, 0.993367, 2377.56, -72.8511, -1508)

[node name="straight_pipe_long31" parent="StaticPropsCanyon" instance=ExtResource("9_tgab0")]
transform = Transform3D(0.993367, 0, -0.114989, 0, 1, 0, 0.114989, 0, 0.993367, 2210.64, 48.1284, -1535.16)

[node name="straight_pipe_long32" parent="StaticPropsCanyon" instance=ExtResource("9_tgab0")]
transform = Transform3D(0.993367, 0, -0.114989, 0, 1, 0, 0.114989, 0, 0.993367, 2367.05, 48.1284, -1517.06)

[node name="straight_pipe_long29" parent="StaticPropsCanyon" instance=ExtResource("9_tgab0")]
transform = Transform3D(0.993367, 0, -0.114989, 0, 1, 0, 0.114989, 0, 0.993367, 2241.88, 24.7834, -1526.7)

[node name="straight_pipe_long30" parent="StaticPropsCanyon" instance=ExtResource("9_tgab0")]
transform = Transform3D(0.993367, 0, -0.114989, 0, 1, 0, 0.114989, 0, 0.993367, 2398.29, 24.7834, -1508.6)

[node name="straight_pipe_long23" parent="StaticPropsCanyon" instance=ExtResource("9_tgab0")]
transform = Transform3D(0.856519, 0, 0.516115, 0, 1, 0, -0.516115, 0, 0.856519, 2140.79, 8.64435, -1740.19)

[node name="straight_pipe_long24" parent="StaticPropsCanyon" instance=ExtResource("9_tgab0")]
transform = Transform3D(0.856519, 0, 0.516115, 0, 1, 0, -0.516115, 0, 0.856519, 2275.65, 8.64435, -1821.45)

[node name="straight_pipe_long34" parent="StaticPropsCanyon" instance=ExtResource("9_tgab0")]
transform = Transform3D(0.856519, 0, 0.516115, 0, 1, 0, -0.516115, 0, 0.856519, 2154.75, 33.6662, -1748.24)

[node name="straight_pipe_long35" parent="StaticPropsCanyon" instance=ExtResource("9_tgab0")]
transform = Transform3D(0.856519, 0, 0.516115, 0, 1, 0, -0.516115, 0, 0.856519, 2289.62, 33.6662, -1829.51)

[node name="straight_pipe_long36" parent="StaticPropsCanyon" instance=ExtResource("9_tgab0")]
transform = Transform3D(0.856519, 0, 0.516115, 0, 1, 0, -0.516115, 0, 0.856519, 2151.81, 51.9042, -1732.8)

[node name="straight_pipe_long37" parent="StaticPropsCanyon" instance=ExtResource("9_tgab0")]
transform = Transform3D(0.856519, 0, 0.516115, 0, 1, 0, -0.516115, 0, 0.856519, 2286.67, 51.9042, -1814.06)

[node name="straight_pipe_long13" parent="StaticPropsCanyon" instance=ExtResource("9_tgab0")]
transform = Transform3D(0.494761, 0, -0.869029, 0, 1, 0, 0.869029, 0, 0.494761, 2001.78, 32.9164, -1107.11)

[node name="straight_pipe_long14" parent="StaticPropsCanyon" instance=ExtResource("9_tgab0")]
transform = Transform3D(0.494761, 0, -0.869029, 0, 1, 0, 0.869029, 0, 0.494761, 2079.11, 33.4762, -970.276)

[node name="straight_pipe_long10" parent="StaticPropsCanyon" instance=ExtResource("9_tgab0")]
transform = Transform3D(0.885345, 0, 0.464935, 0, 1, 0, -0.464935, 0, 0.885345, 1207.91, 3.65113, -1118.48)

[node name="straight_pipe_long11" parent="StaticPropsCanyon" instance=ExtResource("9_tgab0")]
transform = Transform3D(0.885345, 0, 0.464935, 0, 1, 0, -0.464935, 0, 0.885345, 1335.54, 27.2694, -1186.89)

[node name="straight_pipe_long33" parent="StaticPropsCanyon" instance=ExtResource("9_tgab0")]
transform = Transform3D(0.885345, 0, 0.464935, 0, 1, 0, -0.464935, 0, 0.885345, 1219.74, 27.2694, -1126.08)

[node name="straight_pipe_long38" parent="StaticPropsCanyon" instance=ExtResource("9_tgab0")]
transform = Transform3D(0.885345, 0, 0.464935, 0, 1, 0, -0.464935, 0, 0.885345, 1359.07, 49.4814, -1196.4)

[node name="straight_pipe_long39" parent="StaticPropsCanyon" instance=ExtResource("9_tgab0")]
transform = Transform3D(0.885345, 0, 0.464935, 0, 1, 0, -0.464935, 0, 0.885345, 1243.28, 49.4814, -1135.59)

[node name="straight_pipe04" parent="StaticPropsCanyon" instance=ExtResource("8_2pgjq")]
transform = Transform3D(-1, 0, 8.74228e-08, 0, 1, 0, -8.74228e-08, 0, -1, 1240.22, -2.20417, -1462.22)

[node name="straight_pipe06" parent="StaticPropsCanyon" instance=ExtResource("8_2pgjq")]
transform = Transform3D(4.37114e-08, 1, 8.74228e-08, 1, -4.37114e-08, 0, 3.82137e-15, 8.74228e-08, -1, 1183.39, -57.9604, -1462.22)

[node name="straight_pipe13" parent="StaticPropsCanyon" instance=ExtResource("8_2pgjq")]
transform = Transform3D(1, 0, 0, 0, 1, 0, 0, 0, 1, 2421.07, 48.2221, -1513.73)

[node name="straight_pipe_long156" parent="StaticPropsCanyon" instance=ExtResource("9_tgab0")]
transform = Transform3D(0.993367, 0, -0.114989, 0, 1, 0, 0.114989, 0, 0.993367, 2187.6, 68.8593, -1524.3)

[node name="straight_pipe_long157" parent="StaticPropsCanyon" instance=ExtResource("9_tgab0")]
transform = Transform3D(0.993367, 0, -0.114989, 0, 1, 0, 0.114989, 0, 0.993367, 2344.01, 68.8593, -1506.2)

[node name="straight_pipe14" parent="StaticPropsCanyon" instance=ExtResource("8_2pgjq")]
transform = Transform3D(1, 0, 0, 0, 1, 0, 0, 0, 1, 2398.03, 68.953, -1502.87)

[node name="straight_pipe_long158" parent="StaticPropsCanyon" instance=ExtResource("9_tgab0")]
transform = Transform3D(0.993367, 0, -0.114989, 0, 1, 0, 0.114989, 0, 0.993367, 2199.91, 89.2143, -1512.6)

[node name="straight_pipe_long159" parent="StaticPropsCanyon" instance=ExtResource("9_tgab0")]
transform = Transform3D(0.993367, 0, -0.114989, 0, 1, 0, 0.114989, 0, 0.993367, 2356.32, 89.2143, -1494.5)

[node name="straight_pipe27" parent="StaticPropsCanyon" instance=ExtResource("8_2pgjq")]
transform = Transform3D(1, 0, 0, 0, 1, 0, 0, 0, 1, 2410.34, 89.308, -1491.17)

[node name="straight_pipe15" parent="StaticPropsCanyon" instance=ExtResource("8_2pgjq")]
transform = Transform3D(0.858208, 0, 0.513302, 0, 1, 0, -0.513302, 0, 0.858208, 2101.54, -4.95826, -1749.39)

[node name="straight_pipe16" parent="StaticPropsCanyon" instance=ExtResource("8_2pgjq")]
transform = Transform3D(-3.75135e-08, -0.858208, 0.513302, 1, -4.37114e-08, 0, 2.24371e-08, 0.513302, 0.858208, 2150.4, -62.0046, -1778.62)

[node name="elbow_pipe07" parent="StaticPropsCanyon" instance=ExtResource("7_cfo38")]
transform = Transform3D(0.858208, 0, 0.513302, 0, 1, 0, -0.513302, 0, 0.858208, 2145.34, -5.68877, -1775.82)

[node name="straight_pipe19" parent="StaticPropsCanyon" instance=ExtResource("8_2pgjq")]
transform = Transform3D(0.858208, 0, 0.513302, 0, 1, 0, -0.513302, 0, 0.858208, 2075.19, -25.7548, -1734.2)

[node name="straight_pipe20" parent="StaticPropsCanyon" instance=ExtResource("8_2pgjq")]
transform = Transform3D(-3.75135e-08, -0.858208, 0.513302, 1, -4.37114e-08, 0, 2.24371e-08, 0.513302, 0.858208, 2124.06, -82.8011, -1763.43)

[node name="elbow_pipe09" parent="StaticPropsCanyon" instance=ExtResource("7_cfo38")]
transform = Transform3D(0.858208, 0, 0.513302, 0, 1, 0, -0.513302, 0, 0.858208, 2119, -26.4853, -1760.62)

[node name="straight_pipe17" parent="StaticPropsCanyon" instance=ExtResource("8_2pgjq")]
transform = Transform3D(-0.958909, 0, -0.283714, 0, 1, 0, 0.283714, 0, -0.958909, 2245.65, -4.95825, -1817.61)

[node name="straight_pipe18" parent="StaticPropsCanyon" instance=ExtResource("8_2pgjq")]
transform = Transform3D(4.19152e-08, 0.958909, -0.283714, 1, -4.37114e-08, 1.82361e-15, -1.24015e-08, -0.283714, -0.958909, 2191.06, -62.0046, -1801.46)

[node name="elbow_pipe08" parent="StaticPropsCanyon" instance=ExtResource("7_cfo38")]
transform = Transform3D(-0.958909, 0, -0.283714, 0, 1, 0, 0.283714, 0, -0.958909, 2196.65, -5.68877, -1802.92)

[node name="straight_pipe_long46" parent="StaticPropsCanyon" instance=ExtResource("9_tgab0")]
transform = Transform3D(0.742035, 0, -0.670362, 0, 1, 0, 0.670362, 0, 0.742035, 1745.13, 8.64433, -2893.11)

[node name="straight_pipe_long47" parent="StaticPropsCanyon" instance=ExtResource("9_tgab0")]
transform = Transform3D(0.742035, 0, -0.670362, 0, 1, 0, 0.670362, 0, 0.742035, 1861.96, 8.64433, -2787.56)

[node name="straight_pipe_long48" parent="StaticPropsCanyon" instance=ExtResource("9_tgab0")]
transform = Transform3D(0.742035, 0, -0.670362, 0, 1, 0, 0.670362, 0, 0.742035, 1756.88, 33.6662, -2882.08)

[node name="straight_pipe_long49" parent="StaticPropsCanyon" instance=ExtResource("9_tgab0")]
transform = Transform3D(0.742035, 0, -0.670362, 0, 1, 0, 0.670362, 0, 0.742035, 1873.72, 33.6662, -2776.52)

[node name="straight_pipe_long50" parent="StaticPropsCanyon" instance=ExtResource("9_tgab0")]
transform = Transform3D(0.742035, 0, -0.670362, 0, 1, 0, 0.670362, 0, 0.742035, 1741.25, 51.9042, -2880.42)

[node name="straight_pipe_long51" parent="StaticPropsCanyon" instance=ExtResource("9_tgab0")]
transform = Transform3D(0.742035, 0, -0.670362, 0, 1, 0, 0.670362, 0, 0.742035, 1858.08, 51.9042, -2774.87)

[node name="straight_pipe_long52" parent="StaticPropsCanyon" instance=ExtResource("9_tgab0")]
transform = Transform3D(0.742035, 0, -0.670362, 0, 1, 0, 0.670362, 0, 0.742035, 1745.13, -75.9686, -2893.11)

[node name="straight_pipe_long53" parent="StaticPropsCanyon" instance=ExtResource("9_tgab0")]
transform = Transform3D(0.742035, 0, -0.670362, 0, 1, 0, 0.670362, 0, 0.742035, 1861.96, -75.9686, -2787.56)

[node name="straight_pipe_long54" parent="StaticPropsCanyon" instance=ExtResource("9_tgab0")]
transform = Transform3D(0.742035, 0, -0.670362, 0, 1, 0, 0.670362, 0, 0.742035, 1756.88, -50.9468, -2882.08)

[node name="straight_pipe_long55" parent="StaticPropsCanyon" instance=ExtResource("9_tgab0")]
transform = Transform3D(0.742035, 0, -0.670362, 0, 1, 0, 0.670362, 0, 0.742035, 1873.72, -50.9468, -2776.52)

[node name="straight_pipe_long56" parent="StaticPropsCanyon" instance=ExtResource("9_tgab0")]
transform = Transform3D(0.742035, 0, -0.670362, 0, 1, 0, 0.670362, 0, 0.742035, 1741.25, -32.7088, -2880.42)

[node name="straight_pipe_long57" parent="StaticPropsCanyon" instance=ExtResource("9_tgab0")]
transform = Transform3D(0.742035, 0, -0.670362, 0, 1, 0, 0.670362, 0, 0.742035, 1858.08, -32.7088, -2774.87)

[node name="straight_pipe_long58" parent="StaticPropsCanyon" instance=ExtResource("9_tgab0")]
transform = Transform3D(0.742035, 0, -0.670362, 0, 1, 0, 0.670362, 0, 0.742035, 1882.19, 6.07043, -3006.74)

[node name="straight_pipe_long59" parent="StaticPropsCanyon" instance=ExtResource("9_tgab0")]
transform = Transform3D(0.742035, 0, -0.670362, 0, 1, 0, 0.670362, 0, 0.742035, 1999.03, 6.07043, -2901.19)

[node name="straight_pipe_long60" parent="StaticPropsCanyon" instance=ExtResource("9_tgab0")]
transform = Transform3D(0.742035, 0, -0.670362, 0, 1, 0, 0.670362, 0, 0.742035, 1893.94, 31.0923, -2995.7)

[node name="straight_pipe_long61" parent="StaticPropsCanyon" instance=ExtResource("9_tgab0")]
transform = Transform3D(0.742035, 0, -0.670362, 0, 1, 0, 0.670362, 0, 0.742035, 2010.79, 31.0923, -2890.15)

[node name="straight_pipe_long62" parent="StaticPropsCanyon" instance=ExtResource("9_tgab0")]
transform = Transform3D(0.742035, 0, -0.670362, 0, 1, 0, 0.670362, 0, 0.742035, 1878.31, 49.3303, -2994.05)

[node name="straight_pipe_long63" parent="StaticPropsCanyon" instance=ExtResource("9_tgab0")]
transform = Transform3D(0.742035, 0, -0.670362, 0, 1, 0, 0.670362, 0, 0.742035, 1995.14, 49.3303, -2888.5)

[node name="straight_pipe_long64" parent="StaticPropsCanyon" instance=ExtResource("9_tgab0")]
transform = Transform3D(0.999695, 0, -0.0246935, 0, 1, 0, 0.0246935, 0, 0.999695, 1930.78, 46.8744, -3135.13)

[node name="straight_pipe_long65" parent="StaticPropsCanyon" instance=ExtResource("9_tgab0")]
transform = Transform3D(0.999695, 0, -0.0246935, 0, 1, 0, 0.0246935, 0, 0.999695, 2088.19, 46.8744, -3131.24)

[node name="straight_pipe_long66" parent="StaticPropsCanyon" instance=ExtResource("9_tgab0")]
transform = Transform3D(0.999695, 0, -0.0246935, 0, 1, 0, 0.0246935, 0, 0.999695, 1905.66, 42.2422, -3291.15)

[node name="straight_pipe_long67" parent="StaticPropsCanyon" instance=ExtResource("9_tgab0")]
transform = Transform3D(0.999695, 0, -0.0246935, 0, 1, 0, 0.0246935, 0, 0.999695, 2063.06, 42.2422, -3287.26)

[node name="straight_pipe_long68" parent="StaticPropsCanyon" instance=ExtResource("9_tgab0")]
transform = Transform3D(0.947199, 0, 0.320646, 0, 1, 0, -0.320646, 0, 0.947199, 1858.13, 42.2422, -3432.85)

[node name="straight_pipe_long69" parent="StaticPropsCanyon" instance=ExtResource("9_tgab0")]
transform = Transform3D(0.947199, 0, 0.320646, 0, 1, 0, -0.320646, 0, 0.947199, 2007.27, 42.2422, -3483.34)

[node name="straight_pipe_long70" parent="StaticPropsCanyon" instance=ExtResource("9_tgab0")]
