[gd_scene load_steps=21 format=3 uid="uid://dydrr63f746ur"]

[ext_resource type="Script" path="res://scripts/main.gd" id="1_sebui"]
[ext_resource type="PackedScene" uid="uid://wk8ox7egbudr" path="res://scenes/ship.tscn" id="2_kkbaq"]
[ext_resource type="PackedScene" uid="uid://bag23ibu3ddf1" path="res://scenes/camera_rig.tscn" id="3_e40k6"]
[ext_resource type="PackedScene" uid="uid://bv2g21feowrn3" path="res://scenes/hud.tscn" id="4_a4gyl"]
[ext_resource type="PackedScene" uid="uid://cctm4t5452j1g" path="res://scenes/levels/level_object_scenes/trench_02.tscn" id="5_8cavi"]
[ext_resource type="Environment" uid="uid://dwo5bgnx8gesy" path="res://resources/canyon_run_world_environment.tres" id="5_jcujb"]
[ext_resource type="PackedScene" uid="uid://d23s48brb7axp" path="res://assets/props/elbow_pipe01.glb" id="7_cfo38"]
[ext_resource type="PackedScene" uid="uid://chtu5gyv4ebam" path="res://assets/props/straight_pipe01.glb" id="8_2pgjq"]
[ext_resource type="PackedScene" uid="uid://c3eftue5uxh0f" path="res://assets/props/straight_pipe_long01.glb" id="9_tgab0"]
[ext_resource type="PackedScene" uid="uid://ca6tuggw5nlul" path="res://scenes/blast_wall/blast_door.tscn" id="12_8csq4"]
[ext_resource type="PackedScene" uid="uid://bjgbj1egj4yyk" path="res://scenes/prox_zone.tscn" id="14_5x7jb"]
[ext_resource type="PackedScene" uid="uid://b84gwpfj7j0eq" path="res://scenes/zone_trigger.tscn" id="15_78gg4"]
[ext_resource type="PackedScene" uid="uid://b3auk0it0a8fw" path="res://scenes/levels/level_object_scenes/omni_light_cave.tscn" id="16_31mbo"]
[ext_resource type="Script" path="res://scripts/y_checker.gd" id="16_mxk7d"]
[ext_resource type="PackedScene" uid="uid://t37eul41x86d" path="res://scenes/turrets/projectile_turret.tscn" id="16_pq12t"]
[ext_resource type="PackedScene" uid="uid://ddphuw4pwv8q8" path="res://scenes/levels/level_object_scenes/cave_01.tscn" id="16_wnt8b"]
[ext_resource type="PackedScene" uid="uid://cdrpc5daiyglh" path="res://scenes/turrets/laser_turret.tscn" id="17_cu70w"]

[sub_resource type="SphereShape3D" id="SphereShape3D_avpex"]
radius = 800.0

[sub_resource type="BoxShape3D" id="BoxShape3D_owxd3"]
size = Vector3(323.042, 253.684, 238.07)

[sub_resource type="SphereShape3D" id="SphereShape3D_cllpk"]
radius = 152.94

[node name="Leve02" type="Node3D" node_paths=PackedStringArray("spawn_point", "debug_spawn_point")]
script = ExtResource("1_sebui")
spawn_point = NodePath("Spawn")
debug_spawn_point = NodePath("DebugSpawn")
ship_scene = ExtResource("2_kkbaq")
camera_scene = ExtResource("3_e40k6")
hud_scene = ExtResource("4_a4gyl")

[node name="Spawn" type="Marker3D" parent="."]
transform = Transform3D(-4.37114e-08, 0, 1, 0, 1, 0, -1, 0, -4.37114e-08, -4079.23, -556.218, 2587.14)
gizmo_extents = 50.0

[node name="DebugSpawn" type="Marker3D" parent="."]
transform = Transform3D(-1, 0, -8.74228e-08, 0, 1, 0, 8.74228e-08, 0, -1, 43.2798, -19.026, -341.791)
gizmo_extents = 50.0

[node name="YChecker" type="Node3D" parent="."]
unique_name_in_owner = true
transform = Transform3D(1, 0, 0, 0, 1, 0, 0, 0, 1, 0, -14.9303, 0)
script = ExtResource("16_mxk7d")

[node name="WorldEnvironment" type="WorldEnvironment" parent="."]
unique_name_in_owner = true
environment = ExtResource("5_jcujb")

[node name="CanyonDirectionalLight" type="DirectionalLight3D" parent="."]
unique_name_in_owner = true
transform = Transform3D(0.523894, 0.822714, 0.220628, -0.801444, 0.388387, 0.4548, 0.288481, -0.415088, 0.862833, 0, 36.2723, 0)
shadow_bias = 10.0
shadow_normal_bias = 10.0
shadow_reverse_cull_face = true

[node name="CaveDirectionalLight" type="DirectionalLight3D" parent="."]
unique_name_in_owner = true
transform = Transform3D(0.523894, 0.822714, 0.220628, -0.801444, 0.388387, 0.4548, 0.288481, -0.415088, 0.862833, 0, 36.2723, 0)
visible = false
shadow_enabled = true
sky_mode = 2

[node name="trench02" parent="." instance=ExtResource("5_8cavi")]

[node name="StaticPropsCave" type="Node3D" parent="."]
transform = Transform3D(1, 0, 0, 0, 1, 0, 0, 0, 1, -4139.64, -510.453, 2636.33)

[node name="straight_pipe_long04" parent="StaticPropsCave" instance=ExtResource("9_tgab0")]
transform = Transform3D(2.98023e-08, 1, 0, -1, 2.98023e-08, 0, 0, 0, 1, 1984.03, -28.0094, 66.9298)

[node name="straight_pipe_long05" parent="StaticPropsCave" instance=ExtResource("9_tgab0")]
transform = Transform3D(2.98023e-08, 1, 0, -1, 2.98023e-08, 0, 0, 0, 1, 1984.03, -183.736, 66.9298)

[node name="straight_pipe_long06" parent="StaticPropsCave" instance=ExtResource("9_tgab0")]
transform = Transform3D(2.98023e-08, 1, 0, -1, 2.98023e-08, 0, 0, 0, 1, 1968.31, -18.084, 99.4523)

[node name="straight_pipe_long07" parent="StaticPropsCave" instance=ExtResource("9_tgab0")]
transform = Transform3D(2.98023e-08, 1, 0, -1, 2.98023e-08, 0, 0, 0, 1, 1968.31, -173.811, 99.4523)

[node name="straight_pipe_long08" parent="StaticPropsCave" instance=ExtResource("9_tgab0")]
transform = Transform3D(2.98023e-08, 1, 0, -1, 2.98023e-08, 0, 0, 0, 1, 1946.12, -33.1131, 130.266)

[node name="straight_pipe_long09" parent="StaticPropsCave" instance=ExtResource("9_tgab0")]
transform = Transform3D(2.98023e-08, 1, 0, -1, 2.98023e-08, 0, 0, 0, 1, 1946.12, -188.84, 130.266)

[node name="straight_pipe_long10" parent="StaticPropsCave" instance=ExtResource("9_tgab0")]
transform = Transform3D(2.98023e-08, 1, 0, -1, 2.98023e-08, 0, 0, 0, 1, 1923.47, -51.2034, 160.152)

[node name="straight_pipe_long11" parent="StaticPropsCave" instance=ExtResource("9_tgab0")]
transform = Transform3D(2.98023e-08, 1, 0, -1, 2.98023e-08, 0, 0, 0, 1, 1923.47, -206.93, 160.152)

[node name="straight_pipe_long12" parent="StaticPropsCave" instance=ExtResource("9_tgab0")]
transform = Transform3D(2.98023e-08, 1, 0, -1, 2.98023e-08, 0, 0, 0, 1, 1894.93, -6.35355, 189.298)

[node name="straight_pipe_long13" parent="StaticPropsCave" instance=ExtResource("9_tgab0")]
transform = Transform3D(2.98023e-08, 1, 0, -1, 2.98023e-08, 0, 0, 0, 1, 1894.93, -162.08, 189.298)

[node name="elbow_pipe02" parent="StaticPropsCave" instance=ExtResource("7_cfo38")]
transform = Transform3D(0.943263, 0, -0.332046, 0, 1, 0, 0.332046, 0, 0.943263, 3132.6, -64.1323, -1035.51)

[node name="straight_pipe03" parent="StaticPropsCave" instance=ExtResource("8_2pgjq")]
transform = Transform3D(0.943263, 0, -0.332046, 0, 1, 0, 0.332046, 0, 0.943263, 3084.28, -63.4764, -1052.39)

[node name="straight_pipe04" parent="StaticPropsCave" instance=ExtResource("8_2pgjq")]
transform = Transform3D(-4.12313e-08, -0.943263, -0.332046, 1, -4.37114e-08, 0, -1.45142e-08, -0.332046, 0.943263, 3137.87, -120.343, -1033.53)

[node name="elbow_pipe06" parent="StaticPropsCave" instance=ExtResource("7_cfo38")]
transform = Transform3D(-0.0331497, -0.999382, 0.0116693, -0.94268, 0.0351437, 0.331841, -0.332046, -1.77636e-15, -0.943263, 3016.07, 35.7529, 39.9937)

[node name="straight_pipe11" parent="StaticPropsCave" instance=ExtResource("8_2pgjq")]
transform = Transform3D(-0.0331497, -0.999382, 0.0116693, -0.94268, 0.0351437, 0.331841, -0.332046, -1.77636e-15, -0.943263, 3017.12, 84.0614, 56.8767)

[node name="straight_pipe12" parent="StaticPropsCave" instance=ExtResource("8_2pgjq")]
transform = Transform3D(-0.999382, 0.0331497, 0.0116693, 0.0351437, 0.94268, 0.331841, 1.45142e-08, 0.332046, -0.943263, 3072.07, 28.5096, 38.0125)

[node name="elbow_pipe07" parent="StaticPropsCave" instance=ExtResource("7_cfo38")]
transform = Transform3D(-0.358417, 0, 0.933562, 0, 1, 0, -0.933562, 0, -0.358417, 2615.88, -80.9564, 495.507)

[node name="straight_pipe13" parent="StaticPropsCave" instance=ExtResource("8_2pgjq")]
transform = Transform3D(-0.358417, 0, 0.933562, 0, 1, 0, -0.933562, 0, -0.358417, 2634.33, -80.3004, 543.245)

[node name="straight_pipe14" parent="StaticPropsCave" instance=ExtResource("8_2pgjq")]
transform = Transform3D(1.56669e-08, 0.358417, 0.933562, 1, -4.37114e-08, 8.37786e-16, 4.08073e-08, 0.933562, -0.358417, 2613.97, -137.167, 490.209)

[node name="elbow_pipe08" parent="StaticPropsCave" instance=ExtResource("7_cfo38")]
transform = Transform3D(-0.754217, 0, -0.656625, 0, 1, 0, 0.656625, 0, -0.754217, 2329.58, -80.9564, 353.613)

[node name="straight_pipe15" parent="StaticPropsCave" instance=ExtResource("8_2pgjq")]
transform = Transform3D(-0.754217, 0, -0.656625, 0, 1, 0, 0.656625, 0, -0.754217, 2368.1, -80.3004, 319.917)

[node name="straight_pipe16" parent="StaticPropsCave" instance=ExtResource("8_2pgjq")]
transform = Transform3D(3.29679e-08, 0.754217, -0.656625, 1, -4.37114e-08, 4.60726e-15, -2.8702e-08, -0.656625, -0.754217, 2325.25, -137.167, 357.219)

[node name="elbow_pipe03" parent="StaticPropsCave" instance=ExtResource("7_cfo38")]
transform = Transform3D(0.999982, 0, -0.00598648, 0, 1, 0, 0.00598648, 0, 0.999982, 3728.99, -514.905, -1040.46)

[node name="straight_pipe05" parent="StaticPropsCave" instance=ExtResource("8_2pgjq")]
transform = Transform3D(0.999982, 0, -0.00598648, 0, 1, 0, 0.00598648, 0, 0.999982, 3677.81, -514.249, -1040.65)

[node name="straight_pipe06" parent="StaticPropsCave" instance=ExtResource("8_2pgjq")]
transform = Transform3D(-4.37106e-08, -0.999982, -0.00598648, 1, -4.37114e-08, 0, -2.61677e-10, -0.00598648, 0.999982, 3734.62, -571.116, -1040.31)

[node name="elbow_pipe04" parent="StaticPropsCave" instance=ExtResource("7_cfo38")]
transform = Transform3D(-0.999982, -8.74228e-08, 0.00598648, 8.74212e-08, -1, -5.23355e-10, 0.00598648, 0, 0.999982, 3858.84, -421.255, -1040.46)

[node name="straight_pipe07" parent="StaticPropsCave" instance=ExtResource("8_2pgjq")]
transform = Transform3D(-0.999982, -8.74228e-08, 0.00598648, 8.74212e-08, -1, -5.23355e-10, 0.00598648, 0, 0.999982, 3910.02, -421.911, -1040.65)

[node name="straight_pipe08" parent="StaticPropsCave" instance=ExtResource("8_2pgjq")]
transform = Transform3D(-4.37122e-08, 0.999982, 0.00598648, -1, -4.37098e-08, -5.23355e-10, -2.61677e-10, -0.00598648, 0.999982, 3853.21, -365.044, -1040.31)

[node name="straight_pipe_long02" parent="StaticPropsCave" instance=ExtResource("9_tgab0")]
transform = Transform3D(1, 0, 0, 0, 1, 0, 0, 0, 1, 3223.39, -3.36884, -1152.56)

[node name="straight_pipe_long03" parent="StaticPropsCave" instance=ExtResource("9_tgab0")]
transform = Transform3D(1, 0, 0, 0, 1, 0, 0, 0, 1, 3380.3, -3.36884, -1152.56)

[node name="straight_pipe_long14" parent="StaticPropsCave" instance=ExtResource("9_tgab0")]
transform = Transform3D(1, 0, 0, 0, 1, 0, 0, 0, 1, 3150.44, -77.9739, -1152.56)

[node name="straight_pipe_long15" parent="StaticPropsCave" instance=ExtResource("9_tgab0")]
transform = Transform3D(1, 0, 0, 0, 1, 0, 0, 0, 1, 3307.35, -77.9739, -1152.56)

[node name="straight_pipe_long16" parent="StaticPropsCave" instance=ExtResource("9_tgab0")]
transform = Transform3D(0.707107, -0.707107, 0, 0.707107, 0.707107, 0, 0, 0, 1, 3146.65, -57.465, -1308.32)

[node name="straight_pipe_long17" parent="StaticPropsCave" instance=ExtResource("9_tgab0")]
transform = Transform3D(0.707107, -0.707107, 0, 0.707107, 0.707107, 0, 0, 0, 1, 3257.6, 53.4877, -1308.32)

[node name="straight_pipe_long18" parent="StaticPropsCave" instance=ExtResource("9_tgab0")]
transform = Transform3D(0.707107, -0.707107, 0, 0.707107, 0.707107, 0, 0, 0, 1, 3207.2, -65.7779, -1308.32)

[node name="straight_pipe_long19" parent="StaticPropsCave" instance=ExtResource("9_tgab0")]
transform = Transform3D(0.707107, -0.707107, 0, 0.707107, 0.707107, 0, 0, 0, 1, 3318.16, 45.1748, -1308.32)

[node name="straight_pipe_long30" parent="StaticPropsCave" instance=ExtResource("9_tgab0")]
transform = Transform3D(-4.37114e-08, 0, -1, 0, 1, 0, 1, 0, -4.37114e-08, 3465.69, -80.457, -2151.46)

[node name="straight_pipe_long31" parent="StaticPropsCave" instance=ExtResource("9_tgab0")]
transform = Transform3D(-4.37114e-08, 0, -1, 0, 1, 0, 1, 0, -4.37114e-08, 3465.69, -80.457, -1994.55)

[node name="straight_pipe_long32" parent="StaticPropsCave" instance=ExtResource("9_tgab0")]
transform = Transform3D(-4.37114e-08, 0, -1, 0, 1, 0, 1, 0, -4.37114e-08, 3318.66, -38.6057, -2151.46)

[node name="straight_pipe_long33" parent="StaticPropsCave" instance=ExtResource("9_tgab0")]
transform = Transform3D(-4.37114e-08, 0, -1, 0, 1, 0, 1, 0, -4.37114e-08, 3318.66, -38.6057, -1994.55)

[node name="straight_pipe_long20" parent="StaticPropsCave" instance=ExtResource("9_tgab0")]
transform = Transform3D(0.707107, -0.707107, 0, 0.707107, 0.707107, 0, 0, 0, 1, 3224.65, -126.244, -1308.32)

[node name="straight_pipe_long21" parent="StaticPropsCave" instance=ExtResource("9_tgab0")]
transform = Transform3D(0.707107, -0.707107, 0, 0.707107, 0.707107, 0, 0, 0, 1, 3335.6, -15.2915, -1308.32)

[node name="straight_pipe_long22" parent="StaticPropsCave" instance=ExtResource("9_tgab0")]
transform = Transform3D(0.707107, -0.707107, 0, 0.568391, 0.568391, -0.594865, 0.420633, 0.420633, 0.803826, 3723.45, -294.822, -1356.24)

[node name="straight_pipe_long23" parent="StaticPropsCave" instance=ExtResource("9_tgab0")]
transform = Transform3D(0.707107, -0.707107, 0, 0.568391, 0.568391, -0.594865, 0.420633, 0.420633, 0.803826, 3834.4, -205.636, -1290.24)

[node name="straight_pipe_long28" parent="StaticPropsCave" instance=ExtResource("9_tgab0")]
transform = Transform3D(0.707107, -0.707107, 0, 0.568391, 0.568391, -0.594865, 0.420633, 0.420633, 0.803826, 3718.54, -240.524, -1342.63)

[node name="straight_pipe_long29" parent="StaticPropsCave" instance=ExtResource("9_tgab0")]
transform = Transform3D(0.707107, -0.707107, 0, 0.568391, 0.568391, -0.594865, 0.420633, 0.420633, 0.803826, 3829.49, -151.337, -1276.63)

[node name="straight_pipe_long24" parent="StaticPropsCave" instance=ExtResource("9_tgab0")]
transform = Transform3D(0.707107, -0.707107, 0, 0.568391, 0.568391, -0.594865, 0.420633, 0.420633, 0.803826, 3784, -301.505, -1361.18)

[node name="straight_pipe_long25" parent="StaticPropsCave" instance=ExtResource("9_tgab0")]
transform = Transform3D(0.707107, -0.707107, 0, 0.568391, 0.568391, -0.594865, 0.420633, 0.420633, 0.803826, 3894.95, -212.318, -1295.18)

[node name="straight_pipe_long26" parent="StaticPropsCave" instance=ExtResource("9_tgab0")]
transform = Transform3D(0.707107, -0.707107, 0, 0.568391, 0.568391, -0.594865, 0.420633, 0.420633, 0.803826, 3801.45, -350.109, -1397.15)

[node name="straight_pipe_long27" parent="StaticPropsCave" instance=ExtResource("9_tgab0")]
transform = Transform3D(0.707107, -0.707107, 0, 0.568391, 0.568391, -0.594865, 0.420633, 0.420633, 0.803826, 3912.4, -260.922, -1331.15)

[node name="StaticPropsCanyon" type="Node3D" parent="."]

[node name="straight_pipe_long08" parent="StaticPropsCanyon" instance=ExtResource("9_tgab0")]
transform = Transform3D(0.57619, 0, -0.817316, 0, 1, 0, 0.817316, 0, 0.57619, 176.854, -40.4097, -1716.41)

[node name="elbow_pipe01" parent="StaticPropsCanyon" instance=ExtResource("7_cfo38")]
transform = Transform3D(1, 0, 0, 0, 1, 0, 0, 0, 1, -153.974, -58.3016, -4416.64)

[node name="straight_pipe01" parent="StaticPropsCanyon" instance=ExtResource("8_2pgjq")]
transform = Transform3D(1, 0, 0, 0, 1, 0, 0, 0, 1, -202.418, -57.0443, -4416.66)

[node name="elbow_pipe02" parent="StaticPropsCanyon" instance=ExtResource("7_cfo38")]
transform = Transform3D(0.990759, 0, -0.135629, 0, 1, 0, 0.135629, 0, 0.990759, -226.435, -10.8001, -1434.29)

[node name="straight_pipe02" parent="StaticPropsCanyon" instance=ExtResource("8_2pgjq")]
transform = Transform3D(0.990759, 0, -0.135629, 0, 1, 0, 0.135629, 0, 0.990759, -275.514, -10.5904, -1440.98)

[node name="straight_pipe03" parent="StaticPropsCanyon" instance=ExtResource("8_2pgjq")]
transform = Transform3D(-3.45411e-08, -0.790209, -0.612838, 1, -4.37114e-08, 0, -2.6788e-08, -0.612838, 0.790209, -220.041, -66.0693, -1433.78)

[node name="straight_pipe_long02" parent="StaticPropsCanyon" instance=ExtResource("9_tgab0")]
transform = Transform3D(-4.37114e-08, 0, -1, 0, 1, 0, 1, 0, -4.37114e-08, 708.838, 33.8695, -1904.32)

[node name="straight_pipe_long03" parent="StaticPropsCanyon" instance=ExtResource("9_tgab0")]
transform = Transform3D(-4.37114e-08, 0, -1, 0, 1, 0, 1, 0, -4.37114e-08, 708.838, 33.8695, -1747.45)

[node name="straight_pipe_long06" parent="StaticPropsCanyon" instance=ExtResource("9_tgab0")]
transform = Transform3D(1.31134e-07, 0, 1, 0, 1, 0, -1, 0, 1.31134e-07, 721.371, 0.975159, -1784.05)

[node name="straight_pipe_long07" parent="StaticPropsCanyon" instance=ExtResource("9_tgab0")]
transform = Transform3D(1.31134e-07, 0, 1, 0, 1, 0, -1, 0, 1.31134e-07, 721.371, 0.975159, -1940.92)

[node name="straight_pipe_long04" parent="StaticPropsCanyon" instance=ExtResource("9_tgab0")]
transform = Transform3D(-4.37114e-08, 0, -1, 0, 1, 0, 1, 0, -4.37114e-08, 717.448, -34.0575, -1917.67)

[node name="straight_pipe_long05" parent="StaticPropsCanyon" instance=ExtResource("9_tgab0")]
transform = Transform3D(-4.37114e-08, 0, -1, 0, 1, 0, 1, 0, -4.37114e-08, 717.448, -34.0575, -1760.8)

[node name="straight_pipe_long09" parent="StaticPropsCanyon" instance=ExtResource("9_tgab0")]
transform = Transform3D(0.885345, 0, 0.464935, 0, 1, 0, -0.464935, 0, 0.885345, 1323.7, 24.1006, -1179.29)

[node name="straight_pipe_long15" parent="StaticPropsCanyon" instance=ExtResource("9_tgab0")]
transform = Transform3D(1, 0, 0, 0, 1, 0, 0, 0, 1, 2096.77, 123.187, -1031.99)

[node name="straight_pipe_long16" parent="StaticPropsCanyon" instance=ExtResource("9_tgab0")]
transform = Transform3D(1, 0, 0, 0, 1, 0, 0, 0, 1, 2254.23, 123.187, -1031.99)

[node name="straight_pipe_long17" parent="StaticPropsCanyon" instance=ExtResource("9_tgab0")]
transform = Transform3D(0.840425, 0, -0.541928, 0, 1, 0, 0.541928, 0, 0.840425, 2091.32, 20.7434, -1253.94)

[node name="straight_pipe_long18" parent="StaticPropsCanyon" instance=ExtResource("9_tgab0")]
transform = Transform3D(0.840425, 0, -0.541928, 0, 1, 0, 0.541928, 0, 0.840425, 2223.64, 20.7434, -1168.61)

[node name="straight_pipe_long19" parent="StaticPropsCanyon" instance=ExtResource("9_tgab0")]
transform = Transform3D(0.91252, 0, -0.409031, 0, 1, 0, 0.409031, 0, 0.91252, 2206.91, 38.0048, -1348.97)

[node name="straight_pipe_long20" parent="StaticPropsCanyon" instance=ExtResource("9_tgab0")]
transform = Transform3D(0.91252, 0, -0.409031, 0, 1, 0, 0.409031, 0, 0.91252, 2350.59, 38.0048, -1284.57)

[node name="straight_pipe_long25" parent="StaticPropsCanyon" instance=ExtResource("9_tgab0")]
transform = Transform3D(0.91252, 0, -0.409031, 0, 1, 0, 0.409031, 0, 0.91252, 2180.74, -18.7523, -1361.85)

[node name="straight_pipe_long26" parent="StaticPropsCanyon" instance=ExtResource("9_tgab0")]
transform = Transform3D(0.91252, 0, -0.409031, 0, 1, 0, 0.409031, 0, 0.91252, 2324.42, -18.7523, -1297.44)

[node name="straight_pipe_long27" parent="StaticPropsCanyon" instance=ExtResource("9_tgab0")]
transform = Transform3D(0.91252, 0, -0.409031, 0, 1, 0, 0.409031, 0, 0.91252, 2206.91, -44.4349, -1348.97)

[node name="straight_pipe_long28" parent="StaticPropsCanyon" instance=ExtResource("9_tgab0")]
transform = Transform3D(0.91252, 0, -0.409031, 0, 1, 0, 0.409031, 0, 0.91252, 2350.59, -44.4349, -1284.57)

[node name="straight_pipe_long21" parent="StaticPropsCanyon" instance=ExtResource("9_tgab0")]
transform = Transform3D(0.993367, 0, -0.114989, 0, 1, 0, 0.114989, 0, 0.993367, 2198.71, 0.198318, -1528.63)

[node name="straight_pipe_long22" parent="StaticPropsCanyon" instance=ExtResource("9_tgab0")]
transform = Transform3D(0.993367, 0, -0.114989, 0, 1, 0, 0.114989, 0, 0.993367, 2355.12, 0.198318, -1510.52)

[node name="straight_pipe_long31" parent="StaticPropsCanyon" instance=ExtResource("9_tgab0")]
transform = Transform3D(0.993367, 0, -0.114989, 0, 1, 0, 0.114989, 0, 0.993367, 2210.64, 48.1284, -1535.16)

[node name="straight_pipe_long32" parent="StaticPropsCanyon" instance=ExtResource("9_tgab0")]
transform = Transform3D(0.993367, 0, -0.114989, 0, 1, 0, 0.114989, 0, 0.993367, 2367.05, 48.1284, -1517.06)

[node name="straight_pipe_long29" parent="StaticPropsCanyon" instance=ExtResource("9_tgab0")]
transform = Transform3D(0.993367, 0, -0.114989, 0, 1, 0, 0.114989, 0, 0.993367, 2241.88, 24.7834, -1526.7)

[node name="straight_pipe_long30" parent="StaticPropsCanyon" instance=ExtResource("9_tgab0")]
transform = Transform3D(0.993367, 0, -0.114989, 0, 1, 0, 0.114989, 0, 0.993367, 2398.29, 24.7834, -1508.6)

[node name="straight_pipe_long23" parent="StaticPropsCanyon" instance=ExtResource("9_tgab0")]
transform = Transform3D(0.856519, 0, 0.516115, 0, 1, 0, -0.516115, 0, 0.856519, 2140.79, 8.64435, -1740.19)

[node name="straight_pipe_long24" parent="StaticPropsCanyon" instance=ExtResource("9_tgab0")]
transform = Transform3D(0.856519, 0, 0.516115, 0, 1, 0, -0.516115, 0, 0.856519, 2275.65, 8.64435, -1821.45)

[node name="straight_pipe_long34" parent="StaticPropsCanyon" instance=ExtResource("9_tgab0")]
transform = Transform3D(0.856519, 0, 0.516115, 0, 1, 0, -0.516115, 0, 0.856519, 2154.75, 33.6662, -1748.24)

[node name="straight_pipe_long35" parent="StaticPropsCanyon" instance=ExtResource("9_tgab0")]
transform = Transform3D(0.856519, 0, 0.516115, 0, 1, 0, -0.516115, 0, 0.856519, 2289.62, 33.6662, -1829.51)

[node name="straight_pipe_long36" parent="StaticPropsCanyon" instance=ExtResource("9_tgab0")]
transform = Transform3D(0.856519, 0, 0.516115, 0, 1, 0, -0.516115, 0, 0.856519, 2151.81, 51.9042, -1732.8)

[node name="straight_pipe_long37" parent="StaticPropsCanyon" instance=ExtResource("9_tgab0")]
transform = Transform3D(0.856519, 0, 0.516115, 0, 1, 0, -0.516115, 0, 0.856519, 2286.67, 51.9042, -1814.06)

[node name="straight_pipe_long13" parent="StaticPropsCanyon" instance=ExtResource("9_tgab0")]
transform = Transform3D(0.494761, 0, -0.869029, 0, 1, 0, 0.869029, 0, 0.494761, 2001.78, 32.9164, -1107.11)

[node name="straight_pipe_long14" parent="StaticPropsCanyon" instance=ExtResource("9_tgab0")]
transform = Transform3D(0.494761, 0, -0.869029, 0, 1, 0, 0.869029, 0, 0.494761, 2079.11, 33.4762, -970.276)

[node name="straight_pipe_long12" parent="StaticPropsCanyon" instance=ExtResource("9_tgab0")]
transform = Transform3D(0.810113, 0, 0.586274, 0, 1, 0, -0.586274, 0, 0.810113, -349.269, -59.7048, -3564.11)

[node name="straight_pipe_long10" parent="StaticPropsCanyon" instance=ExtResource("9_tgab0")]
transform = Transform3D(0.885345, 0, 0.464935, 0, 1, 0, -0.464935, 0, 0.885345, 1207.91, 24.1006, -1118.48)

[node name="straight_pipe_long11" parent="StaticPropsCanyon" instance=ExtResource("9_tgab0")]
transform = Transform3D(0.885345, 0, 0.464935, 0, 1, 0, -0.464935, 0, 0.885345, 1343.08, 47.7189, -1190.87)

[node name="straight_pipe_long33" parent="StaticPropsCanyon" instance=ExtResource("9_tgab0")]
transform = Transform3D(0.885345, 0, 0.464935, 0, 1, 0, -0.464935, 0, 0.885345, 1227.28, 47.7189, -1130.06)

[node name="straight_pipe04" parent="StaticPropsCanyon" instance=ExtResource("8_2pgjq")]
transform = Transform3D(-1, 0, 8.74228e-08, 0, 1, 0, -8.74228e-08, 0, -1, 1240.22, -2.20417, -1462.22)

[node name="straight_pipe06" parent="StaticPropsCanyon" instance=ExtResource("8_2pgjq")]
transform = Transform3D(4.37114e-08, 1, 8.74228e-08, 1, -4.37114e-08, 0, 3.82137e-15, 8.74228e-08, -1, 1183.39, -57.9604, -1462.22)

[node name="straight_pipe05" parent="StaticPropsCanyon" instance=ExtResource("8_2pgjq")]
transform = Transform3D(1, 0, 0, 0, 1, 0, 0, 0, 1, 1970.6, 138.715, -1257.71)

[node name="straight_pipe14" parent="StaticPropsCanyon" instance=ExtResource("8_2pgjq")]
transform = Transform3D(-4.37114e-08, -1, 0, 1, -4.37114e-08, 0, 0, 0, 1, 2027.54, 81.6683, -1257.71)

[node name="straight_pipe13" parent="StaticPropsCanyon" instance=ExtResource("8_2pgjq")]
transform = Transform3D(1, 0, 0, 0, 1, 0, 0, 0, 1, 2421.07, 48.2221, -1513.73)

[node name="straight_pipe12" parent="StaticPropsCanyon" instance=ExtResource("8_2pgjq")]
transform = Transform3D(2.10126e-08, 0.480713, 0.876878, 1, -4.37114e-08, 0, 3.83295e-08, 0.876878, -0.480713, -303.203, 49.2629, -3601.31)

[node name="straight_pipe11" parent="StaticPropsCanyon" instance=ExtResource("8_2pgjq")]
transform = Transform3D(2.10126e-08, 0.480713, 0.876878, 1, -4.37114e-08, 0, 3.83295e-08, 0.876878, -0.480713, -489.315, 45.9177, -3466.12)

[node name="elbow_pipe03" parent="StaticPropsCanyon" instance=ExtResource("7_cfo38")]
transform = Transform3D(1, 0, 0, 0, 1, 0, 0, 0, 1, 2021.76, 137.984, -1257.9)

[node name="straight_pipe15" parent="StaticPropsCanyon" instance=ExtResource("8_2pgjq")]
transform = Transform3D(0.858208, 0, 0.513302, 0, 1, 0, -0.513302, 0, 0.858208, 2101.54, 2.16286, -1749.39)

[node name="straight_pipe16" parent="StaticPropsCanyon" instance=ExtResource("8_2pgjq")]
transform = Transform3D(-3.75135e-08, -0.858208, 0.513302, 1, -4.37114e-08, 0, 2.24371e-08, 0.513302, 0.858208, 2150.4, -54.8835, -1778.62)

[node name="elbow_pipe07" parent="StaticPropsCanyon" instance=ExtResource("7_cfo38")]
transform = Transform3D(0.858208, 0, 0.513302, 0, 1, 0, -0.513302, 0, 0.858208, 2145.34, 1.43235, -1775.82)

[node name="straight_pipe19" parent="StaticPropsCanyon" instance=ExtResource("8_2pgjq")]
transform = Transform3D(0.858208, 0, 0.513302, 0, 1, 0, -0.513302, 0, 0.858208, 2075.19, -25.7548, -1734.2)

[node name="straight_pipe20" parent="StaticPropsCanyon" instance=ExtResource("8_2pgjq")]
transform = Transform3D(-3.75135e-08, -0.858208, 0.513302, 1, -4.37114e-08, 0, 2.24371e-08, 0.513302, 0.858208, 2124.06, -82.8011, -1763.43)

[node name="elbow_pipe09" parent="StaticPropsCanyon" instance=ExtResource("7_cfo38")]
transform = Transform3D(0.858208, 0, 0.513302, 0, 1, 0, -0.513302, 0, 0.858208, 2119, -26.4853, -1760.62)

[node name="straight_pipe17" parent="StaticPropsCanyon" instance=ExtResource("8_2pgjq")]
transform = Transform3D(-0.958909, 0, -0.283714, 0, 1, 0, 0.283714, 0, -0.958909, 2245.65, 2.16287, -1817.61)

[node name="straight_pipe18" parent="StaticPropsCanyon" instance=ExtResource("8_2pgjq")]
transform = Transform3D(4.19152e-08, 0.958909, -0.283714, 1, -4.37114e-08, 1.82361e-15, -1.24015e-08, -0.283714, -0.958909, 2191.06, -54.8835, -1801.46)

[node name="elbow_pipe08" parent="StaticPropsCanyon" instance=ExtResource("7_cfo38")]
transform = Transform3D(-0.958909, 0, -0.283714, 0, 1, 0, 0.283714, 0, -0.958909, 2196.65, 1.43235, -1802.92)

[node name="elbow_pipe04" parent="StaticPropsCanyon" instance=ExtResource("7_cfo38")]
transform = Transform3D(-1, 0, 8.74228e-08, 0, 1, 0, -8.74228e-08, 0, -1, 1189.09, -2.61634, -1462.42)

[node name="straight_pipe07" parent="StaticPropsCanyon" instance=ExtResource("8_2pgjq")]
transform = Transform3D(0.875591, 0, 0.483053, 0, 1, 0, -0.483053, 0, 0.875591, 1164.48, -2.93426, -1099.96)

[node name="straight_pipe08" parent="StaticPropsCanyon" instance=ExtResource("8_2pgjq")]
transform = Transform3D(-3.82733e-08, -0.875591, 0.483053, 1, -4.37114e-08, 1.1382e-16, 2.11149e-08, 0.483053, 0.875591, 1214.24, -58.6905, -1127.41)

[node name="elbow_pipe05" parent="StaticPropsCanyon" instance=ExtResource("7_cfo38")]
transform = Transform3D(0.875591, 0, 0.483053, 0, 1, 0, -0.483053, 0, 0.875591, 1209.34, -3.34643, -1124.49)

[node name="straight_pipe09" parent="StaticPropsCanyon" instance=ExtResource("8_2pgjq")]
transform = Transform3D(-0.875591, 0, -0.483053, 0, 1, 0, 0.483053, 0, -0.875591, 1306.69, -2.93426, -1178.27)

[node name="straight_pipe10" parent="StaticPropsCanyon" instance=ExtResource("8_2pgjq")]
transform = Transform3D(3.82733e-08, 0.875591, -0.483053, 1, -4.37114e-08, 0, -2.11149e-08, -0.483053, -0.875591, 1256.94, -58.6905, -1150.82)

[node name="elbow_pipe06" parent="StaticPropsCanyon" instance=ExtResource("7_cfo38")]
transform = Transform3D(-0.875591, 0, -0.483053, 0, 1, 0, 0.483053, 0, -0.875591, 1261.83, -3.34643, -1153.74)

[node name="BlastDoor" parent="." instance=ExtResource("12_8csq4")]
transform = Transform3D(-0.98071, 0, -0.195467, 0, 1, 0, 0.195467, 0, -0.98071, -230.674, 2.41828, -1173.75)

[node name="BlastDoor2" parent="." instance=ExtResource("12_8csq4")]
transform = Transform3D(-0.782336, 0, -0.622856, 0, 1, 0, 0.622856, 0, -0.782336, -396.856, 16.6726, -3539.09)

[node name="cave01" parent="." instance=ExtResource("16_wnt8b")]
transform = Transform3D(-4.37114e-08, 0, -1, 0, 1, 0, 1, 0, -4.37114e-08, -4139.64, -510.453, 2636.33)

[node name="ProxZone01" parent="." instance=ExtResource("14_5x7jb")]
transform = Transform3D(1, 0, 0, 0, 1, 0, 0, 0, 1, -3975.75, -288.521, 2637.5)
start_with_children_enabled = true

[node name="ZoneTrigger" parent="ProxZone01" instance=ExtResource("15_78gg4")]
transform = Transform3D(1, 0, 0, 0, 1, 0, 0, 0, 1, -0.224121, -1.47867, -1.0354)
zone_name = 1

[node name="CollisionShape3D" type="CollisionShape3D" parent="ProxZone01/ZoneTrigger"]
transform = Transform3D(1, 0, 0, 0, 1, 0, 0, 0, 1, 0, -92.467, 0)
shape = SubResource("SphereShape3D_avpex")

[node name="OmniLightCave" parent="ProxZone01" instance=ExtResource("16_31mbo")]
transform = Transform3D(1, 0, 0, 0, 1, 0, 0, 0, 1, -12.2551, 45.6337, 72.6741)

[node name="OmniLightCave2" parent="ProxZone01" instance=ExtResource("16_31mbo")]
transform = Transform3D(1, 0, 0, 0, 1, 0, 0, 0, 1, 1244.89, 1.32474, -24.929)

[node name="OmniLightCave3" parent="ProxZone01" instance=ExtResource("16_31mbo")]
transform = Transform3D(1, 0, 0, 0, 1, 0, 0, 0, 1, 2299.41, -204.301, 495.244)

[node name="OmniLightCave4" parent="ProxZone01" instance=ExtResource("16_31mbo")]
transform = Transform3D(1, 0, 0, 0, 1, 0, 0, 0, 1, 2765.1, -160.426, -78.9187)

[node name="OmniLightCave5" parent="ProxZone01" instance=ExtResource("16_31mbo")]
transform = Transform3D(1, 0, 0, 0, 1, 0, 0, 0, 1, 2812.6, -189.832, -595.889)

[node name="ProxZone02EnteringCave" parent="." instance=ExtResource("14_5x7jb")]
transform = Transform3D(-0.983556, 0, 0.180605, 0, 1, 0, -0.180605, 0, -0.983556, -1141.89, -565.192, 2006.06)

[node name="ZoneTrigger" parent="ProxZone02EnteringCave" instance=ExtResource("15_78gg4")]
zone_name = 2

[node name="CollisionShape3D" type="CollisionShape3D" parent="ProxZone02EnteringCave/ZoneTrigger"]
transform = Transform3D(1, 0, 0, 0, 1, 0, 0, 0, 1, -4.97974, 2.43292, 112.44)
shape = SubResource("BoxShape3D_owxd3")

[node name="OmniLightCave6" parent="ProxZone02EnteringCave" instance=ExtResource("16_31mbo")]
transform = Transform3D(-0.983555, 0, -0.180605, 0, 1, 0, 0.180605, 0, -0.983555, 14.4568, 86.5309, -38.5465)

[node name="OmniLightCave7" parent="ProxZone02EnteringCave" instance=ExtResource("16_31mbo")]
transform = Transform3D(-0.983555, 0, -0.180605, 0, 1, 0, 0.180605, 0, -0.983555, 183.03, 49.1868, 1368.53)

[node name="OmniLightCave8" parent="ProxZone02EnteringCave" instance=ExtResource("16_31mbo")]
transform = Transform3D(-0.983555, 0, -0.180605, 0, 1, 0, 0.180605, 0, -0.983555, -623.618, 43.15, 1084.95)

[node name="OmniLightCave9" parent="ProxZone02EnteringCave" instance=ExtResource("16_31mbo")]
transform = Transform3D(-0.983555, 0, -0.180605, 0, 1, 0, 0.180605, 0, -0.983555, -763.504, -336.393, 323.142)

[node name="OmniLightCave10" parent="ProxZone02EnteringCave" instance=ExtResource("16_31mbo")]
transform = Transform3D(-0.983555, 0, -0.180605, 0, 1, 0, 0.180605, 0, -0.983555, -793.451, 562.388, 735.616)

[node name="OmniLightCave11" parent="ProxZone02EnteringCave" instance=ExtResource("16_31mbo")]
transform = Transform3D(-0.983555, 0, -0.180605, 0, 1, 0, 0.180605, 0, -0.983555, -798.475, 581.516, 1352.62)

[node name="OmniLightCave3" parent="ProxZone02EnteringCave" instance=ExtResource("16_31mbo")]
transform = Transform3D(-0.983555, 0, -0.180605, 0, 1, 0, 0.180605, 0, -0.983555, -779.074, 576.591, 2114.7)

[node name="BlastDoor3" parent="." instance=ExtResource("12_8csq4")]
transform = Transform3D(-0.983556, 0, 0.180605, 0, 1, 0, -0.180605, 0, -0.983556, -1141.89, -565.192, 2006.06)

[node name="ProxZone03EnteringCanyon" parent="." instance=ExtResource("14_5x7jb")]
transform = Transform3D(1, 0, 0, 0, 1, 0, 0, 0, 1, 2.78439, -61.886, 84.6579)

[node name="ZoneTrigger" parent="ProxZone03EnteringCanyon" instance=ExtResource("15_78gg4")]
transform = Transform3D(1, 0, 0, 0, 1, 0, 0, 0, 1, -4.35433, 4.34367, -36.8469)
zone_name = 3

[node name="CollisionShape3D" type="CollisionShape3D" parent="ProxZone03EnteringCanyon/ZoneTrigger"]
transform = Transform3D(1, 0, 0, 0, 1, 0, 0, 0, 1, 0, 84.695, 126.431)
shape = SubResource("SphereShape3D_cllpk")

[node name="ProjectileTurret" parent="ProxZone03EnteringCanyon" instance=ExtResource("16_pq12t")]
transform = Transform3D(1, 0, 0, 0, 1, 0, 0, 0, 1, -289.989, 11.5821, -1119.89)

[node name="LaserTurret" parent="ProxZone03EnteringCanyon" instance=ExtResource("17_cu70w")]
transform = Transform3D(1, 0, 0, 0, 1, 0, 0, 0, 1, -204.617, 23.8501, -935.517)

[node name="OmniLightCave2" parent="ProxZone03EnteringCanyon" instance=ExtResource("16_31mbo")]
transform = Transform3D(1, 0, 0, 0, 1, 0, 0, 0, 1, 3.51362, 73.2851, -17.8133)
